4
2
3
2
4
2
4
2
4
0
4
0
2
2
2
2
2
0
2
0
2
0
0
0
0
0
0
0
0
0
0
0
0
0
0
0
2
0
2
0
2
0
2
0
2
0
0
0
0
0
0
0
2
0
2
0
4
0
4
0
6
0
6
0
6
0
4
0
6
0
4
0
6
2
6
2
6
2
6
2
6
2
4
0
4
0
6
0
8
0
8
0
6
2
8
2
6
2
6
2
6
2
8
0
6
0
8
0
8
0
6
0
6
0
6
0
8
0
4
0
6
2
4
2
6
2
6
2
8
2
6
0
8
0
6
0
6
0
6
0
6
0
6
0
6
2
4
2
4
2
6
2
6
2
8
0
8
0
6
0
6
0
6
0
4
2
6
2
6
2
4
2
6
2
6
0
6
0
8
0
8
0
8
0
6
0
6
0
6
0
6
0
6
0
6
0
8
0
4
0
8
0
6
2
8
2
8
2
10
2
8
2
8
0
6
0
8
0
10
2
8
2
8
2
10
2
6
2
6
0
8
0
8
0
6
0
8
0
8
0
8
0
8
2
8
2
8
2
6
2
8
2
6
0
8
0
8
0
8
0
6
0
8
0
8
0
6
0
8
0
8
2
6
2
6
2
8
2
6
2
4
0
8
0
8
0
6
0
6
0
8
2
6
2
6
2
6
2
6
2
8
0
6
0
4
0
6
2
8
2
6
2
8
2
8
2
10
0
10
0
8
0
8
0
6
0
2
0
2
0
4
0
4
0
4
2
4
2
2
2
2
0
2
0
0
0
0
0
0
0
0
0
0
0
0
0
2
0
2
0
2
0
2
0
4
0
2
0
2
2
2
2
2
2
2
0
2
0
0
0
0
0
0
0
0
0
4
0
8
6
8
6
10
6
10
6
10
6
2
0
2
0
0
0
0
0
0
0
0
0
0
0
0
0
0
0
0
0
0
0
2
0
2
0
2
0
2
0
2
0
0
0
0
0
0
0
10
2
10
2
10
2
10
2
10
2
0
0
0
0
0
0
10
0
25
0
37
0
52
0
65
0
70
0
70
0
72
2
66
2
55
2
41
2
25
2
12
0
10
0
10
0
10
0
14
0
16
0
6
0
6
0
6
0
