5
2
4
2
2
2
2
0
2
0
0
0
0
0
0
0
0
0
0
0
0
0
0
0
0
0
2
0
2
0
2
0
2
0
2
0
0
0
2
0
2
0
2
0
2
0
2
0
0
0
0
0
2
0
4
2
6
2
10
2
12
2
12
2
14
0
16
0
16
0
18
0
20
0
20
0
20
0
20
0
21
0
23
0
23
0
21
0
23
0
19
2
20
2
19
2
23
2
20
2
23
0
21
0
20
0
21
0
21
0
21
0
21
0
25
2
21
2
25
2
23
2
23
2
21
0
25
2
21
2
23
2
21
2
19
2
21
0
19
0
17
0
20
0
21
0
20
0
21
0
21
0
18
0
14
0
10
0
4
0
0
0
2
0
2
0
2
0
2
0
2
0
2
0
2
0
2
0
2
0
2
0
2
0
2
0
4
0
4
0
4
0
4
4
4
4
4
2
4
2
6
2
2
0
2
0
2
0
8
0
23
0
39
0
54
2
72
2
84
2
84
2
85
2
86
2
88
0
72
0
55
0
47
0
31
0
12
0
10
0
14
0
4
0
4
0
4
0
