3
2
3
2
4
2
4
2
4
2
2
0
2
0
2
0
0
0
0
0
0
0
0
0
0
0
0
0
0
0
2
2
2
2
2
2
2
2
2
2
0
0
0
0
0
0
0
0
0
0
0
0
2
0
2
2
4
2
4
2
4
2
8
0
6
0
8
0
8
0
10
0
6
0
8
0
6
0
8
0
6
0
8
0
8
0
8
0
8
0
8
0
8
4
6
4
8
4
6
4
8
4
6
0
8
0
6
0
8
0
8
0
8
0
8
0
8
2
8
2
8
2
8
2
10
2
8
0
8
0
8
0
8
0
8
0
8
0
6
0
8
0
8
0
6
0
6
0
8
0
4
0
8
0
10
0
8
0
6
0
10
0
6
0
4
2
6
2
6
2
4
2
4
4
8
2
6
2
8
2
8
2
8
0
8
0
8
0
8
0
6
0
10
0
6
0
8
0
8
0
8
0
6
0
8
0
10
0
8
0
8
0
8
0
8
2
6
2
8
2
10
2
10
2
8
0
10
0
8
0
8
2
8
2
10
2
10
2
10
2
10
0
8
0
8
0
10
0
8
0
10
0
10
0
10
2
8
2
8
2
8
2
8
2
8
0
6
0
8
0
8
0
8
0
6
0
10
0
10
0
8
0
6
0
8
0
8
0
6
0
6
2
10
2
10
4
6
4
6
4
6
2
4
2
2
0
2
0
2
0
6
0
4
0
4
0
4
0
4
0
0
0
2
0
2
0
2
0
2
0
2
0
0
0
0
0
0
0
0
0
0
0
0
0
2
0
2
0
2
0
2
0
2
0
0
0
0
0
0
0
0
0
6
6
6
6
8
6
8
6
8
6
2
0
2
0
0
0
0
0
0
0
0
0
0
0
2
0
2
0
2
0
2
0
2
0
0
0
2
0
2
0
2
0
2
2
8
2
8
0
8
0
8
0
6
0
0
0
6
2
21
2
37
2
52
2
68
2
77
0
78
0
78
0
76
0
76
0
74
0
72
0
57
0
41
0
37
2
23
2
12
2
12
2
12
2
0
0
0
0
0
0
0
0
