3
0
4
0
4
4
4
0
4
0
4
0
4
0
0
0
0
0
0
0
0
0
0
0
0
0
0
0
0
0
2
0
2
0
4
0
4
0
4
2
2
2
2
2
2
0
2
0
0
0
0
0
0
0
0
0
0
0
2
0
2
0
4
0
4
0
4
0
4
0
6
0
6
0
6
0
8
0
6
0
4
4
4
4
4
4
4
4
4
4
4
0
4
0
4
0
2
0
4
0
6
0
4
0
6
0
6
0
6
0
4
0
6
0
6
0
6
0
4
0
6
2
4
2
4
2
6
2
6
2
6
0
6
0
6
0
6
0
6
0
4
2
6
2
4
2
2
2
6
2
8
0
8
0
8
0
8
2
4
2
4
2
2
2
6
2
6
0
6
0
6
0
8
0
4
0
6
0
8
0
6
0
6
0
6
2
6
2
8
2
6
2
6
2
6
0
6
2
4
2
6
2
6
2
8
2
6
0
8
0
6
0
6
0
4
0
6
0
6
0
8
0
8
0
10
0
8
0
6
0
6
0
4
0
6
0
4
0
4
0
2
0
2
0
0
0
2
0
2
2
2
2
4
2
6
2
6
0
6
0
6
0
6
0
4
0
6
0
4
0
8
0
6
0
8
0
6
0
6
2
6
2
6
2
6
2
6
4
6
2
8
2
8
2
8
2
8
0
8
0
8
0
6
0
4
0
6
0
8
0
6
0
8
2
8
2
8
2
6
2
6
2
4
0
6
0
6
0
8
0
6
0
8
0
6
0
6
0
6
0
8
0
8
0
8
0
6
0
4
2
4
2
2
2
2
2
2
2
2
0
4
0
4
0
6
0
6
0
10
0
8
0
10
0
8
0
8
0
6
0
8
0
10
0
8
2
10
2
8
4
4
4
4
4
6
2
6
2
6
0
6
0
6
0
6
0
4
0
8
0
10
0
8
0
10
0
16
0
12
2
10
2
10
2
8
2
2
0
8
0
8
0
8
0
8
0
8
0
0
0
0
0
0
0
0
0
0
0
0
0
2
0
2
0
4
0
4
0
4
0
2
0
2
0
0
0
0
0
0
0
0
0
0
0
0
0
0
0
0
0
0
0
0
0
0
0
0
0
0
0
2
2
2
2
2
2
2
2
2
2
0
0
2
0
2
0
2
0
2
0
2
0
0
0
2
0
2
0
2
0
2
0
2
0
0
0
18
10
21
12
21
12
21
12
21
12
4
2
0
0
0
0
2
2
2
2
2
2
2
2
4
2
2
0
2
0
2
0
2
0
0
0
0
0
0
0
0
0
0
0
0
0
0
0
0
0
0
0
0
0
0
0
2
0
2
0
2
0
2
2
2
2
2
2
2
2
16
2
16
0
16
0
14
0
14
0
0
0
0
0
2
0
2
0
10
2
16
4
25
4
35
2
43
2
35
2
29
0
20
0
10
0
2
0
0
0
10
0
10
0
10
0
10
2
18
2
8
2
8
2
8
2
