5
2
5
2
6
2
2
2
2
2
2
2
2
0
2
0
2
0
2
0
2
0
0
0
0
0
0
0
2
0
2
0
2
2
2
2
2
2
2
0
2
0
0
0
0
0
0
0
0
0
0
0
0
0
2
0
4
0
4
0
4
0
6
0
4
0
4
0
4
0
4
0
4
0
4
2
2
2
4
2
4
4
4
2
4
2
4
2
6
0
4
0
6
0
4
0
4
0
4
0
6
0
6
2
6
2
6
2
6
2
4
2
4
0
4
0
6
0
4
0
4
0
4
0
4
0
4
0
6
0
6
2
4
2
4
2
4
2
2
2
4
0
6
0
8
0
6
0
6
0
6
0
4
0
4
0
4
0
4
2
2
2
4
2
2
2
4
2
4
0
8
0
6
0
8
2
6
2
6
2
2
2
4
2
4
0
6
0
6
0
6
0
6
2
4
2
4
2
2
2
4
2
2
0
4
0
4
0
6
0
4
0
6
0
4
0
4
0
4
0
6
0
4
0
6
0
8
0
8
0
6
0
6
0
6
0
4
2
4
2
4
2
6
2
4
2
4
0
6
0
4
0
2
0
4
0
4
0
4
0
6
0
6
0
6
0
6
0
6
2
6
2
6
4
4
4
6
4
4
2
6
2
4
0
6
0
6
0
6
0
6
0
8
0
6
0
4
0
6
0
6
0
4
0
6
0
6
0
6
0
4
0
6
2
4
2
6
2
4
2
6
2
6
0
6
0
6
0
6
2
4
2
4
2
4
2
2
2
2
2
2
0
0
0
0
0
0
0
0
0
2
0
4
0
4
0
6
0
6
0
4
0
4
0
4
0
6
0
6
0
6
0
6
0
8
2
4
2
6
4
6
4
6
4
6
2
6
2
4
0
6
0
6
0
4
0
6
0
6
0
6
0
4
0
6
0
4
0
6
0
4
0
6
0
8
0
6
0
6
0
8
2
6
2
4
2
6
2
4
2
4
0
6
2
6
2
4
2
6
2
6
2
6
0
6
0
6
0
4
0
2
0
2
0
4
0
4
0
4
0
4
0
2
0
0
0
0
0
0
0
2
0
2
0
2
0
2
0
2
0
2
0
2
0
2
2
2
2
4
2
4
2
4
2
4
2
6
2
6
0
6
0
8
0
6
0
6
0
6
0
6
0
4
0
6
0
6
2
6
2
6
2
6
2
6
2
6
0
6
0
6
0
8
0
6
0
8
0
6
0
6
0
4
0
6
0
4
0
4
0
4
0
6
2
6
2
6
2
6
2
6
2
6
0
6
0
6
0
6
2
8
2
6
2
6
2
6
2
8
0
4
0
4
0
6
0
6
0
4
0
4
0
6
0
6
0
4
0
6
0
6
0
6
0
6
0
6
2
6
2
8
4
8
4
6
4
8
2
6
2
6
0
4
0
6
0
6
0
8
0
6
0
8
0
10
2
6
2
6
2
6
2
6
2
4
0
8
0
6
0
8
0
6
0
6
0
4
0
6
0
4
0
4
2
6
2
6
2
6
2
6
2
8
0
6
0
4
0
4
0
6
0
4
0
6
0
8
0
6
0
4
0
6
0
6
0
6
0
6
0
8
0
8
0
6
0
8
2
8
2
8
2
8
2
10
2
6
0
6
0
8
0
6
2
6
2
6
2
8
2
8
2
6
0
4
0
6
0
6
0
4
0
8
0
8
0
8
2
6
2
8
2
4
2
6
2
4
0
6
0
4
0
4
0
2
0
4
2
2
2
4
2
6
2
6
2
4
0
6
0
4
0
4
0
4
0
6
0
4
2
6
2
6
2
6
2
8
2
8
0
8
0
8
0
8
0
6
0
8
0
6
0
4
0
6
0
6
0
4
0
6
0
6
0
6
0
4
0
6
2
6
2
8
4
8
4
8
4
8
2
6
2
6
0
6
0
6
0
4
0
6
0
6
0
6
0
6
0
8
0
6
0
6
0
6
0
6
0
6
2
6
2
6
2
4
2
4
2
2
0
2
0
2
0
2
0
4
0
4
0
2
0
2
0
2
0
0
0
0
0
0
0
0
0
2
0
2
0
2
0
2
0
4
0
2
0
2
0
2
0
2
0
0
0
0
0
0
0
0
0
0
0
2
0
2
0
2
2
4
2
6
2
6
0
8
0
8
0
6
0
6
0
6
0
4
0
4
4
6
4
6
4
4
4
6
4
4
0
4
0
8
0
8
0
6
0
8
0
6
0
6
2
6
2
6
2
6
2
6
2
6
0
6
0
6
0
8
0
10
0
8
0
8
0
8
0
10
0
6
0
6
0
8
0
8
0
6
0
6
0
8
0
6
0
6
0
6
0
6
0
8
4
8
4
8
4
6
4
8
4
6
0
8
0
6
0
8
0
8
0
6
0
8
0
8
0
8
0
6
2
8
2
4
2
8
2
6
2
8
0
8
0
10
0
6
0
8
0
6
0
4
0
4
0
6
0
6
0
8
0
10
0
8
0
8
2
6
2
6
2
6
2
8
2
6
0
8
0
10
0
8
0
8
0
10
0
8
0
8
0
6
0
6
2
6
2
8
2
8
2
8
2
8
0
6
0
6
0
6
0
6
0
8
0
8
0
8
0
6
0
8
2
6
2
6
2
8
2
8
2
8
0
6
2
10
2
6
2
8
2
8
2
8
0
8
2
6
2
6
2
6
2
6
2
6
2
6
0
8
0
6
0
6
0
6
0
8
0
6
0
6
0
8
0
8
0
8
0
6
0
10
0
8
0
8
0
6
0
8
0
6
0
8
0
8
0
8
0
8
2
8
2
8
2
6
2
8
2
8
0
8
2
6
2
6
2
6
2
8
2
8
0
10
0
10
0
10
0
6
0
6
0
6
0
6
0
6
0
6
0
8
0
6
0
6
0
6
0
8
0
6
2
8
2
8
2
8
2
6
2
8
0
6
0
8
0
10
0
8
0
6
0
8
0
8
2
8
2
10
2
10
2
23
2
31
0
31
0
29
0
27
0
12
0
2
2
2
0
2
0
2
0
2
0
8
0
18
0
17
0
17
0
18
0
10
0
4
0
4
0
4
0
4
0
4
0
2
0
2
0
2
0
2
0
2
0
0
0
0
0
0
0
0
0
0
0
0
0
0
0
0
0
0
0
0
0
0
0
0
0
0
0
2
0
2
0
2
0
2
0
2
0
0
0
2
0
2
0
2
2
2
2
2
2
2
0
2
2
2
0
2
2
2
2
2
2
2
0
23
14
44
29
66
43
77
48
78
49
59
35
35
21
10
6
2
0
2
0
2
0
2
0
2
0
0
0
0
0
2
0
2
0
2
0
2
0
2
2
2
0
2
0
2
0
2
0
0
0
0
0
6
0
25
0
45
0
51
0
50
0
45
0
25
0
8
0
2
0
2
2
2
2
2
2
8
4
16
4
25
2
35
2
43
2
43
0
45
0
43
0
41
0
45
0
47
0
51
2
49
2
49
2
51
2
49
4
47
2
39
2
29
2
18
2
25
0
33
0
33
0
33
0
33
0
23
0
23
0
23
0
