0.00
0.00
0.00
0.00
0.00
0.00
0.00
0.00
0.00
0.00
0.00
0.00
0.00
0.00
0.00
0.00
0.00
0.00
0.00
0.00
0.00
0.00
0.00
0.00
0.00
0.00
0.00
0.00
0.00
0.00
0.00
0.00
0.00
0.00
0.00
0.00
0.00
0.00
0.00
0.00
0.00
0.00
0.00
0.00
0.00
0.00
0.00
0.00
0.00
0.00
0.00
0.00
0.00
0.00
0.00
0.00
0.00
0.00
0.00
0.00
0.00
0.00
0.00
0.00
0.00
0.00
0.00
0.00
0.00
0.00
0.00
0.00
0.00
0.00
0.00
0.00
0.00
0.00
0.00
0.00
50.93
0.00
0.00
0.00
59.47
0.00
0.00
0.00
46.80
0.00
0.00
0.00
42.31
0.00
0.00
0.00
42.40
0.00
0.00
0.00
43.91
0.00
0.00
0.00
34.56
0.00
0.00
0.00
51.19
0.00
0.00
0.00
39.08
0.00
0.00
0.00
46.59
0.00
0.00
0.00
44.35
0.00
0.00
0.00
46.11
0.00
0.00
0.00
54.05
0.00
0.00
0.00
40.14
0.00
0.00
0.00
47.49
0.00
0.00
0.00
45.14
0.00
0.00
0.00
50.57
0.00
0.00
0.00
35.29
0.00
0.00
0.00
43.35
0.00
0.00
0.00
41.57
0.00
0.00
0.00
21.97
0.00
0.00
0.00
37.19
0.00
0.00
0.00
34.05
0.00
0.00
0.00
43.55
0.00
0.00
0.00
31.70
0.00
0.00
0.00
40.84
0.00
0.00
0.00
51.48
0.00
0.00
0.00
46.60
0.00
0.00
0.00
35.51
0.00
0.00
0.00
45.72
0.00
0.00
0.00
47.23
0.00
0.00
0.00
43.09
0.00
0.00
0.00
49.42
0.00
0.00
0.00
0.00
0.00
0.00
0.00
0.00
0.00
0.00
0.00
0.00
0.00
0.00
0.00
0.00
0.00
0.00
0.00
0.00
0.00
0.00
0.00
0.00
0.00
0.00
0.00
0.00
0.00
0.00
0.00
0.00
0.00
0.00
0.00
0.00
0.00
0.00
0.00
0.00
0.00
0.00
0.00
0.00
0.00
0.00
0.00
0.00
0.00
0.00
0.00
0.00
0.00
0.00
0.00
0.00
0.00
0.00
0.00
0.00
0.00
0.00
0.00
0.00
0.00
0.00
0.00
0.00
0.00
0.00
0.00
0.00
0.00
0.00
0.00
0.00
0.00
0.00
0.00
0.00
0.00
0.00
0.00
0.00
0.00
0.00
0.00
0.00
0.00
0.00
0.00
0.00
0.00
0.00
0.00
0.00
0.00
0.00
0.00
0.00
0.00
0.00
0.00
0.00
0.00
0.00
0.00
0.00
0.00
0.00
0.00
0.00
0.00
0.00
0.00
0.00
7.76
0.00
0.00
0.00
24.23
0.00
0.00
0.00
0.00
0.00
0.00
0.00
0.00
0.00
0.00
0.00
0.00
0.00
0.00
0.00
0.00
0.00
0.00
0.00
0.00
0.00
0.00
0.00
35.62
0.00
0.00
0.00
13.52
0.00
0.00
0.00
0.00
0.00
0.00
0.00
0.00
0.00
0.00
0.00
0.00
0.00
0.00
0.00
