0.00
0.00
0.00
0.00
0.00
0.00
0.00
0.00
0.00
0.00
0.00
0.00
0.00
0.00
0.00
0.00
0.00
0.00
0.00
0.00
0.00
0.00
0.00
0.00
0.00
0.00
0.00
0.00
0.00
0.00
0.00
0.00
0.00
0.00
0.00
0.00
0.00
0.00
0.00
0.00
0.00
0.00
0.00
0.00
0.00
0.00
0.00
0.00
0.00
0.00
0.00
0.00
0.00
0.00
0.00
0.00
0.00
0.00
0.00
0.00
0.00
0.00
0.00
0.00
0.00
0.00
0.00
0.00
0.00
0.00
0.00
0.00
0.00
0.00
0.00
0.00
0.00
0.00
0.00
59.79
0.00
0.00
0.00
67.38
0.00
0.00
0.00
62.30
0.00
0.00
0.00
65.72
0.00
0.00
0.00
67.24
0.00
0.00
0.00
63.07
0.00
0.00
0.00
67.55
0.00
0.00
0.00
60.03
0.00
0.00
0.00
64.73
0.00
0.00
0.00
63.52
0.00
0.00
0.00
54.17
0.00
0.00
0.00
62.52
0.00
0.00
0.00
67.44
0.00
0.00
0.00
72.27
0.00
0.00
0.00
57.38
0.00
0.00
0.00
63.55
0.00
0.00
0.00
62.00
0.00
0.00
0.00
56.28
0.00
0.00
0.00
54.73
0.00
0.00
0.00
82.17
0.00
0.00
0.00
64.50
0.00
0.00
0.00
55.70
0.00
0.00
0.00
64.21
0.00
0.00
0.00
67.60
0.00
0.00
0.00
64.55
0.00
0.00
0.00
64.82
0.00
0.00
0.00
57.38
0.00
0.00
0.00
64.59
0.00
0.00
0.00
71.85
0.00
0.00
0.00
58.92
0.00
0.00
0.00
54.44
0.00
0.00
0.00
71.32
0.00
0.00
0.00
61.46
0.00
0.00
0.00
61.56
0.00
0.00
0.00
60.96
0.00
0.00
0.00
60.41
0.00
0.00
0.00
61.37
0.00
0.00
0.00
69.60
0.00
0.00
0.00
55.22
0.00
0.00
0.00
58.38
0.00
0.00
0.00
64.75
0.00
0.00
0.00
61.33
0.00
0.00
0.00
62.52
0.00
0.00
0.00
60.66
0.00
0.00
0.00
52.23
0.00
0.00
0.00
62.01
0.00
0.00
0.00
58.09
0.00
0.00
0.00
65.86
0.00
0.00
0.00
56.78
0.00
0.00
0.00
59.54
0.00
0.00
0.00
64.21
0.00
0.00
0.00
60.94
0.00
0.00
0.00
65.43
0.00
0.00
0.00
65.62
0.00
0.00
0.00
53.94
0.00
0.00
0.00
66.84
0.00
0.00
0.00
58.12
0.00
0.00
0.00
63.47
0.00
0.00
0.00
57.15
0.00
0.00
0.00
69.59
0.00
0.00
0.00
61.64
0.00
0.00
0.00
60.14
0.00
0.00
0.00
50.63
0.00
0.00
0.00
68.47
0.00
0.00
0.00
64.16
0.00
0.00
0.00
66.28
0.00
0.00
0.00
38.64
0.00
0.00
0.00
67.13
0.00
0.00
0.00
53.06
0.00
0.00
0.00
58.17
0.00
0.00
0.00
67.69
0.00
0.00
0.00
62.67
0.00
0.00
0.00
67.10
0.00
0.00
0.00
69.41
0.00
0.00
0.00
64.90
0.00
0.00
0.00
66.34
0.00
0.00
0.00
59.29
0.00
0.00
0.00
57.25
0.00
0.00
0.00
71.67
0.00
0.00
0.00
63.16
0.00
0.00
0.00
63.84
0.00
0.00
0.00
55.31
0.00
0.00
0.00
63.05
0.00
0.00
0.00
59.38
0.00
0.00
0.00
62.57
0.00
0.00
0.00
59.13
0.00
0.00
0.00
63.80
0.00
0.00
0.00
62.23
0.00
0.00
0.00
63.38
0.00
0.00
0.00
58.59
0.00
0.00
0.00
59.56
0.00
0.00
0.00
66.61
0.00
0.00
0.00
58.19
0.00
0.00
0.00
63.41
0.00
0.00
0.00
63.77
0.00
0.00
0.00
54.68
0.00
0.00
0.00
63.59
0.00
0.00
0.00
0.00
0.00
0.00
0.00
0.00
0.00
0.00
0.00
62.67
0.00
0.00
0.00
53.19
0.00
0.00
0.00
71.99
0.00
0.00
0.00
62.68
0.00
0.00
0.00
61.62
0.00
0.00
0.00
62.24
0.00
0.00
0.00
72.85
0.00
0.00
0.00
60.41
0.00
0.00
0.00
54.26
0.00
0.00
0.00
58.15
0.00
0.00
0.00
60.20
0.00
0.00
0.00
60.92
0.00
0.00
0.00
56.26
0.00
0.00
0.00
65.34
0.00
0.00
0.00
60.02
0.00
0.00
0.00
67.80
0.00
0.00
0.00
60.60
0.00
0.00
0.00
62.66
0.00
0.00
0.00
52.01
0.00
0.00
0.00
61.85
0.00
0.00
0.00
65.57
0.00
0.00
0.00
61.50
0.00
0.00
0.00
57.99
0.00
0.00
0.00
65.44
0.00
0.00
0.00
57.72
0.00
0.00
0.00
54.61
0.00
0.00
0.00
61.79
0.00
0.00
0.00
61.22
0.00
0.00
0.00
56.10
0.00
0.00
0.00
55.17
0.00
0.00
0.00
45.29
0.00
0.00
0.00
66.98
0.00
0.00
0.00
48.62
0.00
0.00
0.00
65.10
0.00
0.00
0.00
56.32
0.00
0.00
0.00
62.27
0.00
0.00
0.00
56.98
0.00
0.00
0.00
0.00
0.00
0.00
0.00
0.00
0.00
0.00
0.00
0.00
0.00
0.00
0.00
0.00
0.00
0.00
0.00
0.00
0.00
0.00
0.00
0.00
0.00
0.00
0.00
0.00
0.00
0.00
0.00
0.00
0.00
0.00
0.00
92.64
0.00
0.00
0.00
69.49
0.00
0.00
0.00
54.05
0.00
0.00
0.00
62.00
0.00
0.00
0.00
48.44
0.00
0.00
0.00
51.59
0.00
0.00
0.00
63.94
0.00
0.00
0.00
65.64
0.00
0.00
0.00
60.79
0.00
0.00
0.00
54.77
0.00
0.00
0.00
62.47
0.00
0.00
0.00
62.31
0.00
0.00
0.00
59.28
0.00
0.00
0.00
60.25
0.00
0.00
0.00
55.26
0.00
0.00
0.00
61.00
0.00
0.00
0.00
65.40
0.00
0.00
0.00
66.29
0.00
0.00
0.00
58.08
0.00
0.00
0.00
59.26
0.00
0.00
0.00
62.27
0.00
0.00
0.00
66.27
0.00
0.00
0.00
64.42
0.00
0.00
0.00
61.96
0.00
0.00
0.00
65.32
0.00
0.00
0.00
57.85
0.00
0.00
0.00
56.97
0.00
0.00
0.00
59.69
0.00
0.00
0.00
65.31
0.00
0.00
0.00
69.47
0.00
0.00
0.00
63.84
0.00
0.00
0.00
72.01
0.00
0.00
0.00
59.22
0.00
0.00
0.00
63.65
0.00
0.00
0.00
58.11
0.00
0.00
0.00
60.07
0.00
0.00
0.00
64.00
0.00
0.00
0.00
62.11
0.00
0.00
0.00
62.45
0.00
0.00
0.00
70.58
0.00
0.00
0.00
54.17
0.00
0.00
0.00
54.03
0.00
0.00
0.00
55.57
0.00
0.00
0.00
57.18
0.00
0.00
0.00
57.62
0.00
0.00
0.00
61.87
0.00
0.00
0.00
55.38
0.00
0.00
0.00
57.12
0.00
0.00
0.00
58.61
0.00
0.00
0.00
91.78
0.00
0.00
0.00
55.61
0.00
0.00
0.00
0.00
0.00
0.00
0.00
57.37
0.00
0.00
0.00
99.99
0.00
0.00
0.00
0.00
0.00
0.00
0.00
0.00
0.00
0.00
0.00
37.33
0.00
0.00
0.00
71.77
0.00
0.00
0.00
54.55
0.00
0.00
0.00
66.74
0.00
0.00
0.00
62.74
0.00
0.00
0.00
59.38
0.00
0.00
0.00
60.60
0.00
0.00
0.00
61.83
0.00
0.00
0.00
57.05
0.00
0.00
0.00
62.57
0.00
0.00
0.00
47.39
0.00
0.00
0.00
72.29
0.00
0.00
0.00
64.05
0.00
0.00
0.00
65.48
0.00
0.00
0.00
65.99
0.00
0.00
0.00
60.40
0.00
0.00
0.00
0.00
0.00
0.00
0.00
61.43
0.00
0.00
0.00
54.75
0.00
0.00
0.00
61.64
0.00
0.00
0.00
67.03
0.00
0.00
0.00
68.40
0.00
0.00
0.00
71.58
0.00
0.00
0.00
64.70
0.00
0.00
0.00
60.06
0.00
0.00
0.00
63.22
0.00
0.00
0.00
59.66
0.00
0.00
0.00
67.70
0.00
0.00
0.00
59.77
0.00
0.00
0.00
60.43
0.00
0.00
0.00
61.61
0.00
0.00
0.00
54.34
0.00
0.00
0.00
63.87
0.00
0.00
0.00
56.78
0.00
0.00
0.00
51.59
0.00
0.00
0.00
66.95
0.00
0.00
0.00
62.63
0.00
0.00
0.00
66.36
0.00
0.00
0.00
48.54
0.00
0.00
0.00
63.90
0.00
0.00
0.00
69.99
0.00
0.00
0.00
63.77
0.00
0.00
0.00
59.87
0.00
0.00
0.00
70.35
0.00
0.00
0.00
60.63
0.00
0.00
0.00
54.68
0.00
0.00
0.00
65.07
0.00
0.00
0.00
55.82
0.00
0.00
0.00
57.80
0.00
0.00
0.00
74.05
0.00
0.00
0.00
71.94
0.00
0.00
0.00
49.62
0.00
0.00
0.00
57.20
0.00
0.00
0.00
64.50
0.00
0.00
0.00
59.51
0.00
0.00
0.00
53.78
0.00
0.00
0.00
60.78
0.00
0.00
0.00
51.52
0.00
0.00
0.00
58.10
0.00
0.00
0.00
56.59
0.00
0.00
0.00
49.83
0.00
0.00
0.00
55.28
0.00
0.00
0.00
63.64
0.00
0.00
0.00
60.15
0.00
0.00
0.00
66.50
0.00
0.00
0.00
60.58
0.00
0.00
0.00
59.11
0.00
0.00
0.00
68.68
0.00
0.00
0.00
64.77
0.00
0.00
0.00
64.92
0.00
0.00
0.00
56.08
0.00
0.00
0.00
67.69
0.00
0.00
0.00
61.89
0.00
0.00
0.00
60.15
0.00
0.00
0.00
64.04
0.00
0.00
0.00
69.55
0.00
0.00
0.00
54.34
0.00
0.00
0.00
59.20
0.00
0.00
0.00
64.45
0.00
0.00
0.00
55.33
0.00
0.00
0.00
61.37
0.00
0.00
0.00
64.52
0.00
0.00
0.00
65.30
0.00
0.00
0.00
63.44
0.00
0.00
0.00
67.72
0.00
0.00
0.00
63.14
0.00
0.00
0.00
55.48
0.00
0.00
0.00
65.79
0.00
0.00
0.00
55.80
0.00
0.00
0.00
62.29
0.00
0.00
0.00
58.65
0.00
0.00
0.00
67.97
0.00
0.00
0.00
46.60
0.00
0.00
0.00
57.96
0.00
0.00
0.00
63.99
0.00
0.00
0.00
61.91
0.00
0.00
0.00
65.36
0.00
0.00
0.00
64.78
0.00
0.00
0.00
66.03
0.00
0.00
0.00
34.37
0.00
0.00
0.00
0.00
0.00
0.00
0.00
0.00
0.00
0.00
0.00
0.00
0.00
0.00
0.00
0.00
0.00
0.00
0.00
0.00
0.00
0.00
0.00
0.00
0.00
0.00
0.00
0.00
0.00
0.00
0.00
60.89
0.00
0.00
0.00
68.65
0.00
0.00
0.00
70.35
0.00
0.00
0.00
65.45
0.00
0.00
0.00
61.63
0.00
0.00
0.00
67.49
0.00
0.00
0.00
66.58
0.00
0.00
0.00
53.59
0.00
0.00
0.00
56.61
0.00
0.00
0.00
61.88
0.00
0.00
0.00
59.80
0.00
0.00
0.00
52.60
0.00
0.00
0.00
67.72
0.00
0.00
0.00
71.25
0.00
0.00
0.00
55.24
0.00
0.00
0.00
53.34
0.00
0.00
0.00
68.33
0.00
0.00
0.00
54.40
0.00
0.00
0.00
60.25
0.00
0.00
0.00
62.55
0.00
0.00
0.00
64.92
0.00
0.00
0.00
59.31
0.00
0.00
0.00
65.52
0.00
0.00
0.00
55.02
0.00
0.00
0.00
64.99
0.00
0.00
0.00
59.13
0.00
0.00
0.00
58.27
0.00
0.00
0.00
52.34
0.00
0.00
0.00
64.72
0.00
0.00
0.00
70.80
0.00
0.00
0.00
59.82
0.00
0.00
0.00
57.96
0.00
0.00
0.00
71.44
0.00
0.00
0.00
60.72
0.00
0.00
0.00
57.49
0.00
0.00
0.00
70.25
0.00
0.00
0.00
67.98
0.00
0.00
0.00
62.62
0.00
0.00
0.00
57.56
0.00
0.00
0.00
68.69
0.00
0.00
0.00
62.91
0.00
0.00
0.00
54.94
0.00
0.00
0.00
53.25
0.00
0.00
0.00
60.02
0.00
0.00
0.00
61.89
0.00
0.00
0.00
68.38
0.00
0.00
0.00
59.11
0.00
0.00
0.00
64.47
0.00
0.00
0.00
57.89
0.00
0.00
0.00
93.04
0.00
0.00
0.00
38.70
0.00
0.00
0.00
96.57
0.00
0.00
0.00
99.99
0.00
0.00
0.00
85.50
0.00
0.00
0.00
59.74
0.00
0.00
0.00
99.99
0.00
0.00
0.00
68.98
0.00
0.00
0.00
0.00
0.00
0.00
0.00
0.00
0.00
0.00
0.00
0.00
0.00
0.00
0.00
0.00
0.00
0.00
0.00
18.50
0.00
0.00
0.00
0.00
0.00
0.00
0.00
0.00
0.00
0.00
0.00
25.28
0.00
0.00
0.00
0.00
0.00
0.00
0.00
0.00
0.00
0.00
0.00
0.00
0.00
0.00
0.00
70.98
0.00
0.00
0.00
68.53
0.00
0.00
0.00
51.97
0.00
0.00
0.00
56.21
0.00
0.00
0.00
59.99
0.00
0.00
0.00
69.47
0.00
0.00
0.00
61.09
0.00
0.00
0.00
59.13
0.00
0.00
0.00
53.45
0.00
0.00
0.00
56.49
0.00
0.00
0.00
58.40
0.00
0.00
0.00
54.43
0.00
0.00
0.00
70.92
0.00
0.00
0.00
57.17
0.00
0.00
0.00
64.35
0.00
0.00
0.00
60.42
0.00
0.00
0.00
57.91
0.00
0.00
0.00
15.10
0.00
0.00
0.00
99.99
0.00
0.00
0.00
99.99
0.00
0.00
0.00
61.73
0.00
0.00
0.00
64.20
0.00
0.00
0.00
61.23
0.00
0.00
0.00
59.67
0.00
0.00
0.00
66.52
0.00
0.00
0.00
51.35
0.00
0.00
0.00
55.19
0.00
0.00
0.00
67.46
0.00
0.00
0.00
69.03
0.00
0.00
0.00
52.77
0.00
0.00
0.00
70.32
0.00
0.00
0.00
57.76
0.00
0.00
0.00
56.86
0.00
0.00
0.00
65.25
0.00
0.00
0.00
50.40
0.00
0.00
0.00
53.59
0.00
0.00
0.00
61.85
0.00
0.00
0.00
65.97
0.00
0.00
0.00
18.59
0.00
0.00
0.00
61.09
0.00
0.00
0.00
58.69
0.00
0.00
0.00
55.96
0.00
0.00
0.00
73.02
0.00
0.00
0.00
47.08
0.00
0.00
0.00
58.57
0.00
0.00
0.00
66.75
0.00
0.00
0.00
57.54
0.00
0.00
0.00
68.52
0.00
0.00
0.00
55.30
0.00
0.00
0.00
61.35
0.00
0.00
0.00
63.64
0.00
0.00
0.00
72.83
0.00
0.00
0.00
63.39
0.00
0.00
0.00
70.62
0.00
0.00
0.00
60.27
0.00
0.00
0.00
55.48
0.00
0.00
0.00
70.84
0.00
0.00
0.00
71.91
0.00
0.00
0.00
58.17
0.00
0.00
0.00
62.15
0.00
0.00
0.00
64.75
0.00
0.00
0.00
48.57
0.00
0.00
0.00
59.36
0.00
0.00
0.00
72.40
0.00
0.00
0.00
70.06
0.00
0.00
0.00
63.21
0.00
0.00
0.00
55.11
0.00
0.00
0.00
55.81
0.00
0.00
0.00
62.40
0.00
0.00
0.00
65.91
0.00
0.00
0.00
62.21
0.00
0.00
0.00
58.59
0.00
0.00
0.00
59.54
0.00
0.00
0.00
69.81
0.00
0.00
0.00
56.89
0.00
0.00
0.00
64.04
0.00
0.00
0.00
57.17
0.00
0.00
0.00
63.75
0.00
0.00
0.00
72.60
0.00
0.00
0.00
60.54
0.00
0.00
0.00
63.09
0.00
0.00
0.00
65.07
0.00
0.00
0.00
63.94
0.00
0.00
0.00
64.87
0.00
0.00
0.00
65.99
0.00
0.00
0.00
60.88
0.00
0.00
0.00
51.24
0.00
0.00
0.00
57.26
0.00
0.00
0.00
46.39
0.00
0.00
0.00
61.19
0.00
0.00
0.00
64.37
0.00
0.00
0.00
63.18
0.00
0.00
0.00
60.26
0.00
0.00
0.00
56.30
0.00
0.00
0.00
68.95
0.00
0.00
0.00
58.12
0.00
0.00
0.00
69.94
0.00
0.00
0.00
51.71
0.00
0.00
0.00
65.53
0.00
0.00
0.00
63.64
0.00
0.00
0.00
64.68
0.00
0.00
0.00
55.14
0.00
0.00
0.00
59.06
0.00
0.00
0.00
52.80
0.00
0.00
0.00
66.59
0.00
0.00
0.00
57.68
0.00
0.00
0.00
69.43
0.00
0.00
0.00
56.08
0.00
0.00
0.00
58.74
0.00
0.00
0.00
57.06
0.00
0.00
0.00
67.96
0.00
0.00
0.00
64.16
0.00
0.00
0.00
55.22
0.00
0.00
0.00
63.88
0.00
0.00
0.00
67.55
0.00
0.00
0.00
64.84
0.00
0.00
0.00
57.65
0.00
0.00
0.00
61.62
0.00
0.00
0.00
60.36
0.00
0.00
0.00
67.89
0.00
0.00
0.00
55.88
0.00
0.00
0.00
57.52
0.00
0.00
0.00
62.08
0.00
0.00
0.00
66.81
0.00
0.00
0.00
63.08
0.00
0.00
0.00
55.98
0.00
0.00
0.00
60.57
0.00
0.00
0.00
64.60
0.00
0.00
0.00
60.35
0.00
0.00
0.00
57.90
0.00
0.00
0.00
60.38
0.00
0.00
0.00
57.80
0.00
0.00
0.00
65.88
0.00
0.00
0.00
71.94
0.00
0.00
0.00
66.99
0.00
0.00
0.00
65.74
0.00
0.00
0.00
46.80
0.00
0.00
0.00
55.74
0.00
0.00
0.00
61.38
0.00
0.00
0.00
64.11
0.00
0.00
0.00
56.33
0.00
0.00
0.00
67.66
0.00
0.00
0.00
43.63
0.00
0.00
0.00
70.12
0.00
0.00
0.00
47.92
0.00
0.00
0.00
63.89
0.00
0.00
0.00
58.75
0.00
0.00
0.00
64.86
0.00
0.00
0.00
15.08
0.00
0.00
0.00
72.64
0.00
0.00
0.00
85.58
0.00
0.00
0.00
8.94
0.00
0.00
0.00
54.30
0.00
0.00
0.00
67.62
0.00
0.00
0.00
58.35
0.00
0.00
0.00
60.03
0.00
0.00
0.00
63.83
0.00
0.00
0.00
53.23
0.00
0.00
0.00
62.37
0.00
0.00
0.00
55.56
0.00
0.00
0.00
72.90
0.00
0.00
0.00
60.09
0.00
0.00
0.00
53.32
0.00
0.00
0.00
61.64
0.00
0.00
0.00
52.46
0.00
0.00
0.00
78.96
0.00
0.00
0.00
62.73
0.00
0.00
0.00
63.65
0.00
0.00
0.00
66.29
0.00
0.00
0.00
68.79
0.00
0.00
0.00
71.30
0.00
0.00
0.00
66.90
0.00
0.00
0.00
56.72
0.00
0.00
0.00
60.22
0.00
0.00
0.00
52.30
0.00
0.00
0.00
63.53
0.00
0.00
0.00
59.82
0.00
0.00
0.00
69.75
0.00
0.00
0.00
63.79
0.00
0.00
0.00
61.07
0.00
0.00
0.00
67.92
0.00
0.00
0.00
56.90
0.00
0.00
0.00
65.10
0.00
0.00
0.00
61.12
0.00
0.00
0.00
52.78
0.00
0.00
0.00
46.52
0.00
0.00
0.00
94.48
0.00
0.00
0.00
69.48
0.00
0.00
0.00
64.59
0.00
0.00
0.00
57.39
0.00
0.00
0.00
64.24
0.00
0.00
0.00
62.43
0.00
0.00
0.00
76.33
0.00
0.00
0.00
58.12
0.00
0.00
0.00
77.14
0.00
0.00
0.00
69.78
0.00
0.00
0.00
65.61
0.00
0.00
0.00
65.59
0.00
0.00
0.00
54.18
0.00
0.00
0.00
70.53
0.00
0.00
0.00
0.00
0.00
0.00
0.00
72.10
0.00
0.00
0.00
29.58
0.00
0.00
0.00
99.99
0.00
0.00
0.00
95.17
0.00
0.00
0.00
0.00
0.00
0.00
0.00
0.00
0.00
0.00
0.00
0.00
0.00
0.00
0.00
0.00
0.00
0.00
0.00
0.00
0.00
0.00
0.00
49.60
0.00
0.00
0.00
57.87
0.00
0.00
0.00
64.87
0.00
0.00
0.00
54.62
0.00
0.00
0.00
99.99
0.00
0.00
0.00
40.42
0.00
0.00
0.00
0.00
0.00
0.00
0.00
58.85
0.00
0.00
0.00
0.00
0.00
0.00
0.00
0.00
0.00
0.00
0.00
0.00
0.00
0.00
0.00
0.00
0.00
0.00
0.00
0.00
0.00
0.00
0.00
0.00
0.00
0.00
0.00
0.00
0.00
0.00
0.00
54.06
0.00
0.00
0.00
65.04
0.00
0.00
0.00
61.19
0.00
0.00
0.00
66.67
0.00
0.00
0.00
60.34
0.00
0.00
0.00
66.35
0.00
0.00
0.00
63.37
0.00
0.00
0.00
64.02
0.00
0.00
0.00
59.79
0.00
0.00
0.00
64.81
0.00
0.00
0.00
99.99
0.00
0.00
0.00
67.31
0.00
0.00
0.00
56.69
0.00
0.00
0.00
66.91
0.00
0.00
0.00
72.94
0.00
0.00
0.00
63.40
0.00
0.00
0.00
49.69
0.00
0.00
0.00
50.88
0.00
0.00
0.00
52.02
0.00
0.00
0.00
54.90
0.00
0.00
0.00
58.59
0.00
0.00
0.00
58.27
0.00
0.00
0.00
59.84
0.00
0.00
0.00
67.32
0.00
0.00
0.00
58.04
0.00
0.00
0.00
64.62
0.00
0.00
0.00
68.29
0.00
0.00
0.00
68.62
0.00
0.00
0.00
52.71
0.00
0.00
0.00
68.43
0.00
0.00
0.00
73.29
0.00
0.00
0.00
60.02
0.00
0.00
0.00
57.32
0.00
0.00
0.00
62.20
0.00
0.00
0.00
57.86
0.00
0.00
0.00
65.06
0.00
0.00
0.00
61.53
0.00
0.00
0.00
58.89
0.00
0.00
0.00
56.28
0.00
0.00
0.00
61.52
0.00
0.00
0.00
70.52
0.00
0.00
0.00
59.83
0.00
0.00
0.00
71.26
0.00
0.00
0.00
60.96
0.00
0.00
0.00
77.33
0.00
0.00
0.00
71.49
0.00
0.00
0.00
66.21
0.00
0.00
0.00
65.44
0.00
0.00
0.00
57.50
0.00
0.00
0.00
52.95
0.00
0.00
0.00
55.83
0.00
0.00
0.00
59.29
0.00
0.00
0.00
50.72
0.00
0.00
0.00
56.61
0.00
0.00
0.00
71.40
0.00
0.00
0.00
55.99
0.00
0.00
0.00
56.26
0.00
0.00
0.00
62.19
0.00
0.00
0.00
60.67
0.00
0.00
0.00
0.00
0.00
0.00
0.00
59.18
0.00
0.00
0.00
67.44
0.00
0.00
0.00
64.49
0.00
0.00
0.00
58.65
0.00
0.00
0.00
66.87
0.00
0.00
0.00
65.41
0.00
0.00
0.00
62.22
0.00
0.00
0.00
54.40
0.00
0.00
0.00
54.69
0.00
0.00
0.00
62.21
0.00
0.00
0.00
60.35
0.00
0.00
0.00
61.73
0.00
0.00
0.00
39.43
0.00
0.00
0.00
62.10
0.00
0.00
0.00
50.35
0.00
0.00
0.00
62.83
0.00
0.00
0.00
71.39
0.00
0.00
0.00
59.93
0.00
0.00
0.00
63.52
0.00
0.00
0.00
56.75
0.00
0.00
0.00
50.65
0.00
0.00
0.00
61.13
0.00
0.00
0.00
63.08
0.00
0.00
0.00
53.71
0.00
0.00
0.00
65.08
0.00
0.00
0.00
64.09
0.00
0.00
0.00
63.33
0.00
0.00
0.00
65.85
0.00
0.00
0.00
0.00
0.00
0.00
0.00
99.99
0.00
0.00
0.00
57.68
0.00
0.00
0.00
58.43
0.00
0.00
0.00
62.10
0.00
0.00
0.00
54.91
0.00
0.00
0.00
58.55
0.00
0.00
0.00
61.06
0.00
0.00
0.00
57.90
0.00
0.00
0.00
56.64
0.00
0.00
0.00
54.13
0.00
0.00
0.00
63.39
0.00
0.00
0.00
61.49
0.00
0.00
0.00
61.78
0.00
0.00
0.00
59.87
0.00
0.00
0.00
49.65
0.00
0.00
0.00
60.45
0.00
0.00
0.00
55.70
0.00
0.00
0.00
58.53
0.00
0.00
0.00
65.85
0.00
0.00
0.00
52.99
0.00
0.00
0.00
49.05
0.00
0.00
0.00
58.08
0.00
0.00
0.00
59.46
0.00
0.00
0.00
62.28
0.00
0.00
0.00
56.51
0.00
0.00
0.00
63.08
0.00
0.00
0.00
54.94
0.00
0.00
0.00
47.46
0.00
0.00
0.00
71.52
0.00
0.00
0.00
60.40
0.00
0.00
0.00
82.53
0.00
0.00
0.00
54.71
0.00
0.00
0.00
58.47
0.00
0.00
0.00
50.13
0.00
0.00
0.00
56.98
0.00
0.00
0.00
62.60
0.00
0.00
0.00
48.11
0.00
0.00
0.00
61.18
0.00
0.00
0.00
53.34
0.00
0.00
0.00
65.19
0.00
0.00
0.00
67.58
0.00
0.00
0.00
50.53
0.00
0.00
0.00
63.66
0.00
0.00
0.00
58.04
0.00
0.00
0.00
60.78
0.00
0.00
0.00
61.24
0.00
0.00
0.00
74.01
0.00
0.00
0.00
47.66
0.00
0.00
0.00
54.81
0.00
0.00
0.00
68.65
0.00
0.00
0.00
59.57
0.00
0.00
0.00
55.07
0.00
0.00
0.00
61.75
0.00
0.00
0.00
65.23
0.00
0.00
0.00
64.69
0.00
0.00
0.00
49.37
0.00
0.00
0.00
55.49
0.00
0.00
0.00
59.42
0.00
0.00
0.00
21.50
0.00
0.00
0.00
26.31
0.00
0.00
0.00
67.90
0.00
0.00
0.00
57.54
0.00
0.00
0.00
58.99
0.00
0.00
0.00
56.27
0.00
0.00
0.00
66.52
0.00
0.00
0.00
54.34
0.00
0.00
0.00
60.49
0.00
0.00
0.00
65.95
0.00
0.00
0.00
53.99
0.00
0.00
0.00
60.37
0.00
0.00
0.00
68.43
0.00
0.00
0.00
63.50
0.00
0.00
0.00
64.48
0.00
0.00
0.00
61.41
0.00
0.00
0.00
68.05
0.00
0.00
0.00
57.70
0.00
0.00
0.00
68.28
0.00
0.00
0.00
60.92
0.00
0.00
0.00
65.13
0.00
0.00
0.00
62.71
0.00
0.00
0.00
58.78
0.00
0.00
0.00
59.18
0.00
0.00
0.00
65.14
0.00
0.00
0.00
66.49
0.00
0.00
0.00
58.04
0.00
0.00
0.00
55.19
0.00
0.00
0.00
52.73
0.00
0.00
0.00
53.57
0.00
0.00
0.00
56.57
0.00
0.00
0.00
54.75
0.00
0.00
0.00
55.23
0.00
0.00
0.00
51.44
0.00
0.00
0.00
57.41
0.00
0.00
0.00
63.34
0.00
0.00
0.00
49.77
0.00
0.00
0.00
67.72
0.00
0.00
0.00
47.32
0.00
0.00
0.00
55.45
0.00
0.00
0.00
57.95
0.00
0.00
0.00
58.91
0.00
0.00
0.00
55.80
0.00
0.00
0.00
63.66
0.00
0.00
0.00
63.14
0.00
0.00
0.00
55.65
0.00
0.00
0.00
52.57
0.00
0.00
0.00
58.62
0.00
0.00
0.00
54.67
0.00
0.00
0.00
51.13
0.00
0.00
0.00
68.81
0.00
0.00
0.00
99.99
0.00
0.00
0.00
99.99
0.00
0.00
0.00
63.83
0.00
0.00
0.00
0.00
0.00
0.00
0.00
0.00
0.00
0.00
0.00
0.00
0.00
0.00
0.00
0.00
0.00
0.00
0.00
0.00
0.00
0.00
0.00
0.00
0.00
0.00
0.00
0.00
0.00
0.00
0.00
99.99
0.00
0.00
0.00
74.61
0.00
0.00
0.00
76.01
0.00
0.00
0.00
77.30
0.00
0.00
0.00
0.00
0.00
0.00
0.00
99.99
0.00
0.00
0.00
71.99
0.00
0.00
0.00
72.75
0.00
0.00
0.00
53.75
0.00
0.00
0.00
55.04
0.00
0.00
0.00
0.00
0.00
0.00
0.00
19.05
0.00
0.00
0.00
75.96
0.00
0.00
0.00
0.00
0.00
0.00
0.00
79.08
0.00
0.00
0.00
0.00
0.00
0.00
0.00
0.00
0.00
0.00
0.00
0.00
0.00
0.00
0.00
0.00
0.00
0.00
0.00
0.00
0.00
0.00
0.00
84.71
0.00
0.00
0.00
0.00
0.00
0.00
0.00
0.00
0.00
0.00
0.00
0.00
0.00
0.00
0.00
0.00
0.00
0.00
0.00
99.99
0.00
0.00
0.00
0.00
0.00
0.00
0.00
0.00
0.00
0.00
0.00
0.00
0.00
0.00
0.00
99.99
0.00
0.00
0.00
0.00
0.00
0.00
0.00
0.00
0.00
0.00
0.00
99.94
0.00
0.00
0.00
53.81
0.00
0.00
0.00
74.90
0.00
0.00
0.00
61.56
0.00
0.00
0.00
69.37
0.00
0.00
0.00
47.65
0.00
0.00
0.00
50.53
0.00
0.00
0.00
67.26
0.00
0.00
0.00
68.63
0.00
0.00
0.00
44.94
0.00
0.00
0.00
54.18
0.00
0.00
0.00
68.52
0.00
0.00
0.00
57.63
0.00
0.00
0.00
58.24
0.00
0.00
0.00
57.51
0.00
0.00
0.00
57.27
0.00
0.00
0.00
20.43
0.00
0.00
0.00
51.76
0.00
0.00
0.00
61.69
0.00
0.00
0.00
58.68
0.00
0.00
0.00
57.47
0.00
0.00
0.00
65.52
0.00
0.00
0.00
62.23
0.00
0.00
0.00
63.84
0.00
0.00
0.00
54.66
0.00
0.00
0.00
66.12
0.00
0.00
0.00
62.86
0.00
0.00
0.00
59.84
0.00
0.00
0.00
53.26
0.00
0.00
0.00
53.61
0.00
0.00
0.00
64.52
0.00
0.00
0.00
55.92
0.00
0.00
0.00
65.28
0.00
0.00
0.00
61.12
0.00
0.00
0.00
65.36
0.00
0.00
0.00
53.93
0.00
0.00
0.00
69.77
0.00
0.00
0.00
63.80
0.00
0.00
0.00
65.01
0.00
0.00
0.00
46.79
0.00
0.00
0.00
71.96
0.00
0.00
0.00
67.28
0.00
0.00
0.00
66.35
0.00
0.00
0.00
63.70
0.00
0.00
0.00
62.42
0.00
0.00
0.00
57.93
0.00
0.00
0.00
61.11
0.00
0.00
0.00
66.20
0.00
0.00
0.00
65.27
0.00
0.00
0.00
70.07
0.00
0.00
0.00
63.44
0.00
0.00
0.00
55.90
0.00
0.00
0.00
56.99
0.00
0.00
0.00
64.10
0.00
0.00
0.00
57.43
0.00
0.00
0.00
61.80
0.00
0.00
0.00
59.03
0.00
0.00
0.00
57.24
0.00
0.00
0.00
58.77
0.00
0.00
0.00
54.54
0.00
0.00
0.00
56.39
0.00
0.00
0.00
60.60
0.00
0.00
0.00
58.25
0.00
0.00
0.00
58.66
0.00
0.00
0.00
74.25
0.00
0.00
0.00
51.96
0.00
0.00
0.00
71.83
0.00
0.00
0.00
61.35
0.00
0.00
0.00
56.82
0.00
0.00
0.00
64.12
0.00
0.00
0.00
60.72
0.00
0.00
0.00
58.76
0.00
0.00
0.00
0.00
0.00
0.00
0.00
47.50
0.00
0.00
0.00
28.36
0.00
0.00
0.00
0.00
0.00
0.00
0.00
0.00
0.00
0.00
0.00
0.00
0.00
0.00
0.00
0.00
0.00
0.00
0.00
0.00
0.00
0.00
0.00
0.00
0.00
0.00
0.00
0.00
0.00
0.00
0.00
0.00
0.00
0.00
0.00
0.00
0.00
0.00
0.00
0.00
0.00
0.00
0.00
0.00
0.00
0.00
0.00
0.00
0.00
0.00
0.00
0.00
0.00
0.00
0.00
0.00
0.00
0.00
0.00
0.00
0.00
0.00
0.00
0.00
0.00
0.00
0.00
0.00
0.00
0.00
0.00
0.00
0.00
0.00
0.00
0.00
0.00
0.00
0.00
0.00
0.00
0.00
0.00
0.00
0.00
0.00
0.00
0.00
0.00
0.00
0.00
0.00
0.00
0.00
0.00
0.00
0.00
0.00
0.00
0.00
0.00
0.00
0.00
0.00
0.00
0.00
0.00
0.00
0.00
0.00
0.00
0.00
0.00
0.00
0.00
0.00
0.00
0.00
0.00
0.00
0.00
0.00
0.00
0.00
0.00
0.00
0.00
0.00
0.00
0.00
0.00
0.00
0.00
0.00
0.00
0.00
0.00
0.00
0.00
0.00
0.00
0.00
0.00
0.00
0.00
0.00
0.00
0.00
0.00
0.00
0.00
0.00
0.00
0.00
0.00
0.00
0.00
0.00
0.00
0.00
0.00
0.00
0.00
0.00
0.00
0.00
0.00
0.00
0.00
0.00
0.00
0.00
0.00
0.00
0.00
0.00
0.00
0.00
0.00
0.00
0.00
0.00
0.00
0.00
0.00
0.00
0.00
0.00
0.00
0.00
0.00
0.00
0.00
0.00
0.00
0.00
0.00
0.00
0.00
0.00
0.00
0.00
0.00
0.00
0.00
0.00
0.00
0.00
0.00
0.00
0.00
0.00
0.00
0.00
0.00
0.00
0.00
0.00
0.00
0.00
0.00
0.00
0.00
0.00
0.00
0.00
0.00
0.00
0.00
0.00
0.00
0.00
0.00
0.00
0.00
0.00
0.00
0.00
0.00
0.00
0.00
0.00
0.00
0.00
0.00
0.00
0.00
0.00
0.00
0.00
0.00
0.00
0.00
0.00
0.00
0.00
0.00
0.00
0.00
0.00
0.00
0.00
0.00
0.00
0.00
0.00
0.00
0.00
0.00
0.00
0.00
0.00
0.00
0.00
0.00
0.00
0.00
0.00
0.00
0.00
0.00
0.00
0.00
0.00
0.00
0.00
0.00
0.00
0.00
0.00
0.00
0.00
0.00
0.00
0.00
0.00
0.00
0.00
0.00
0.00
0.00
0.00
0.00
0.00
0.00
0.00
0.00
0.00
0.00
0.00
0.00
0.00
0.00
0.00
0.00
0.00
0.00
0.00
0.00
0.00
0.00
0.00
0.00
0.00
0.00
0.00
0.00
0.00
0.00
0.00
2.70
0.00
0.00
0.00
20.19
0.00
0.00
0.00
0.00
0.00
0.00
0.00
0.00
0.00
0.00
0.00
0.00
0.00
0.00
0.00
0.00
0.00
0.00
0.00
0.00
0.00
0.00
0.00
0.00
0.00
0.00
0.00
0.00
0.00
0.00
0.00
0.00
0.00
0.00
12.72
0.00
0.00
0.00
0.00
0.00
0.00
0.00
0.00
0.00
0.00
0.00
