0.00
0.00
0.00
0.00
0.00
0.00
0.00
0.00
0.00
0.00
0.00
0.00
0.00
0.00
0.00
0.00
0.00
0.00
0.00
0.00
0.00
0.00
0.00
0.00
0.00
0.00
0.00
0.00
0.00
0.00
0.00
0.00
0.00
0.00
0.00
0.00
0.00
0.00
0.00
0.00
0.00
0.00
0.00
0.00
0.00
0.00
0.00
0.00
0.00
0.00
0.00
0.00
0.00
0.00
0.00
0.00
0.00
0.00
0.00
0.00
0.00
0.00
0.00
0.00
0.00
0.00
0.00
0.00
0.00
0.00
0.00
0.00
0.00
0.00
0.00
0.00
0.00
0.00
0.00
0.00
0.00
0.00
58.76
0.00
0.00
0.00
57.02
0.00
0.00
0.00
67.08
0.00
0.00
0.00
53.84
0.00
0.00
0.00
63.94
0.00
0.00
0.00
70.10
0.00
0.00
0.00
74.74
0.00
0.00
0.00
60.38
0.00
0.00
0.00
69.44
0.00
0.00
0.00
58.22
0.00
0.00
0.00
62.20
0.00
0.00
0.00
71.33
0.00
0.00
0.00
53.19
0.00
0.00
0.00
52.73
0.00
0.00
0.00
70.38
0.00
0.00
0.00
80.23
0.00
0.00
0.00
54.93
0.00
0.00
0.00
62.02
0.00
0.00
0.00
57.45
0.00
0.00
0.00
59.41
0.00
0.00
0.00
63.43
0.00
0.00
0.00
61.82
0.00
0.00
0.00
56.66
0.00
0.00
0.00
75.24
0.00
0.00
0.00
56.59
0.00
0.00
0.00
60.24
0.00
0.00
0.00
62.81
0.00
0.00
0.00
66.74
0.00
0.00
0.00
59.10
0.00
0.00
0.00
64.08
0.00
0.00
0.00
64.65
0.00
0.00
0.00
62.66
0.00
0.00
0.00
54.41
0.00
0.00
0.00
75.08
0.00
0.00
0.00
50.65
0.00
0.00
0.00
58.79
0.00
0.00
0.00
67.41
0.00
0.00
0.00
62.62
0.00
0.00
0.00
54.86
0.00
0.00
0.00
67.10
0.00
0.00
0.00
67.21
0.00
0.00
0.00
75.70
0.00
0.00
0.00
61.60
0.00
0.00
0.00
61.53
0.00
0.00
0.00
61.59
0.00
0.00
0.00
70.29
0.00
0.00
0.00
51.44
0.00
0.00
0.00
59.93
0.00
0.00
0.00
63.89
0.00
0.00
0.00
61.54
0.00
0.00
0.00
99.99
0.00
0.00
0.00
64.55
0.00
0.00
0.00
48.64
0.00
0.00
0.00
60.17
0.00
0.00
0.00
52.02
0.00
0.00
0.00
58.72
0.00
0.00
0.00
68.72
0.00
0.00
0.00
56.81
0.00
0.00
0.00
51.26
0.00
0.00
0.00
60.50
0.00
0.00
0.00
56.93
0.00
0.00
0.00
59.27
0.00
0.00
0.00
60.27
0.00
0.00
0.00
60.15
0.00
0.00
0.00
58.13
0.00
0.00
0.00
65.57
0.00
0.00
0.00
65.45
0.00
0.00
0.00
68.13
0.00
0.00
0.00
49.38
0.00
0.00
0.00
59.40
0.00
0.00
0.00
57.20
0.00
0.00
0.00
55.25
0.00
0.00
0.00
70.81
0.00
0.00
0.00
65.19
0.00
0.00
0.00
62.29
0.00
0.00
0.00
64.44
0.00
0.00
0.00
64.70
0.00
0.00
0.00
68.38
0.00
0.00
0.00
60.25
0.00
0.00
0.00
70.90
0.00
0.00
0.00
58.30
0.00
0.00
0.00
65.33
0.00
0.00
0.00
62.79
0.00
0.00
0.00
56.99
0.00
0.00
0.00
0.00
0.00
0.00
0.00
0.00
0.00
0.00
0.00
62.66
0.00
0.00
0.00
59.31
0.00
0.00
0.00
60.65
0.00
0.00
0.00
62.08
0.00
0.00
0.00
66.18
0.00
0.00
0.00
57.27
0.00
0.00
0.00
72.27
0.00
0.00
0.00
60.45
0.00
0.00
0.00
0.00
0.00
0.00
0.00
0.00
0.00
0.00
0.00
0.00
0.00
0.00
0.00
0.00
0.00
0.00
0.00
0.00
0.00
0.00
0.00
74.43
0.00
0.00
0.00
62.91
0.00
0.00
0.00
63.85
0.00
0.00
0.00
73.92
0.00
0.00
0.00
72.81
0.00
0.00
0.00
62.87
0.00
0.00
0.00
52.26
0.00
0.00
0.00
62.05
0.00
0.00
0.00
64.90
0.00
0.00
0.00
54.40
0.00
0.00
0.00
63.54
0.00
0.00
0.00
57.31
0.00
0.00
0.00
63.52
0.00
0.00
0.00
50.99
0.00
0.00
0.00
69.16
0.00
0.00
0.00
62.80
0.00
0.00
0.00
64.77
0.00
0.00
0.00
51.08
0.00
0.00
0.00
68.22
0.00
0.00
0.00
60.48
0.00
0.00
0.00
64.55
0.00
0.00
0.00
74.88
0.00
0.00
0.00
64.52
0.00
0.00
0.00
60.01
0.00
0.00
0.00
67.56
0.00
0.00
0.00
58.67
0.00
0.00
0.00
60.52
0.00
0.00
0.00
60.49
0.00
0.00
0.00
63.02
0.00
0.00
0.00
55.80
0.00
0.00
0.00
63.57
0.00
0.00
0.00
54.20
0.00
0.00
0.00
61.26
0.00
0.00
0.00
59.41
0.00
0.00
0.00
63.89
0.00
0.00
0.00
58.74
0.00
0.00
0.00
59.64
0.00
0.00
0.00
36.78
0.00
0.00
0.00
13.08
0.00
0.00
0.00
0.00
0.00
0.00
0.00
0.00
0.00
0.00
0.00
0.00
0.00
0.00
0.00
0.00
0.00
0.00
0.00
0.00
0.00
0.00
0.00
0.00
0.00
0.00
0.00
0.00
0.00
0.00
0.00
0.00
0.00
0.00
0.00
0.00
0.00
0.00
0.00
0.00
0.00
0.00
0.00
0.00
0.00
0.00
0.00
0.00
0.00
0.00
0.00
0.00
0.00
0.00
0.00
0.00
0.00
0.00
0.00
0.00
0.00
0.00
0.00
0.00
0.00
0.00
0.00
0.00
0.00
0.00
0.00
0.00
0.00
0.00
0.00
0.00
0.00
0.00
0.00
0.00
0.00
0.00
0.00
0.00
0.00
0.00
0.00
0.00
0.00
0.00
0.00
0.00
0.00
0.00
0.00
0.00
0.00
0.00
0.00
0.00
0.00
0.00
0.00
0.00
0.00
0.00
0.00
0.00
0.00
0.00
0.00
0.00
0.00
0.00
0.00
0.00
0.00
0.00
0.00
0.00
0.00
0.00
0.00
0.00
0.00
0.00
0.00
0.00
0.00
0.00
0.00
0.00
0.00
0.00
0.00
0.00
0.00
0.00
0.00
0.00
0.00
0.00
0.00
0.00
0.00
0.00
0.00
0.00
0.00
0.00
0.00
0.00
0.00
0.00
0.00
0.00
0.00
0.00
0.00
0.00
0.00
0.00
0.00
0.00
0.00
0.00
0.00
0.00
0.00
0.00
0.00
0.00
0.00
0.00
0.00
0.00
0.00
0.00
0.00
0.00
0.00
0.00
0.00
0.00
0.00
0.00
0.00
0.00
0.00
0.00
0.00
0.00
0.00
0.00
0.00
0.00
0.00
0.00
0.00
0.00
0.00
0.00
0.00
0.00
0.00
0.00
0.00
0.00
0.00
0.00
0.00
0.00
0.00
0.00
0.00
0.00
0.00
0.00
0.00
0.00
0.00
0.00
0.00
0.00
0.00
0.00
0.00
0.00
0.00
0.00
0.00
0.00
0.00
0.00
0.00
0.00
0.00
0.00
0.00
0.00
0.00
0.00
0.00
0.00
0.00
0.00
0.00
0.00
0.00
0.00
0.00
0.00
0.00
0.00
0.00
0.00
0.00
0.00
0.00
0.00
0.00
30.27
0.00
0.00
0.00
0.00
0.00
0.00
0.00
0.00
0.00
0.00
0.00
0.00
0.00
0.00
0.00
0.00
0.00
0.00
0.00
0.00
0.00
0.00
0.00
0.00
0.00
0.00
0.00
0.00
0.00
0.00
0.00
0.00
0.00
0.00
0.00
0.00
0.00
0.00
