0.00
0.00
0.00
0.00
0.00
0.00
0.00
0.00
0.00
0.00
0.00
0.00
0.00
0.00
0.00
0.00
0.00
0.00
0.00
0.00
0.00
0.00
0.00
0.00
0.00
0.00
0.00
0.00
0.00
0.00
0.00
0.00
0.00
0.00
0.00
0.00
0.00
0.00
0.00
0.00
0.00
0.00
0.00
0.00
0.00
0.00
0.00
0.00
0.00
0.00
0.00
0.00
0.00
0.00
0.00
0.00
0.00
0.00
0.00
0.00
0.00
0.00
0.00
0.00
0.00
0.00
0.00
0.00
0.00
0.00
0.00
0.00
0.00
0.00
0.00
0.00
0.00
0.00
0.00
0.00
53.00
0.00
0.00
0.00
59.05
0.00
0.00
0.00
61.78
0.00
0.00
0.00
57.09
0.00
0.00
0.00
57.07
0.00
0.00
0.00
54.72
0.00
0.00
0.00
68.76
0.00
0.00
0.00
62.75
0.00
0.00
0.00
72.87
0.00
0.00
0.00
59.96
0.00
0.00
0.00
65.06
0.00
0.00
0.00
61.74
0.00
0.00
0.00
70.22
0.00
0.00
0.00
57.22
0.00
0.00
0.00
68.22
0.00
0.00
0.00
58.06
0.00
0.00
0.00
66.66
0.00
0.00
0.00
66.35
0.00
0.00
0.00
70.97
0.00
0.00
0.00
56.50
0.00
0.00
0.00
57.39
0.00
0.00
0.00
65.32
0.00
0.00
0.00
59.73
0.00
0.00
0.00
66.36
0.00
0.00
0.00
56.16
0.00
0.00
0.00
66.07
0.00
0.00
0.00
63.64
0.00
0.00
0.00
62.59
0.00
0.00
0.00
73.84
0.00
0.00
0.00
60.63
0.00
0.00
0.00
60.09
0.00
0.00
0.00
70.69
0.00
0.00
0.00
59.69
0.00
0.00
0.00
65.76
0.00
0.00
0.00
57.85
0.00
0.00
0.00
55.41
0.00
0.00
0.00
71.85
0.00
0.00
0.00
57.98
0.00
0.00
0.00
61.91
0.00
0.00
0.00
52.88
0.00
0.00
0.00
59.42
0.00
0.00
0.00
65.55
0.00
0.00
0.00
64.91
0.00
0.00
0.00
85.80
0.00
0.00
0.00
45.40
0.00
0.00
0.00
44.32
0.00
0.00
0.00
0.00
0.00
0.00
0.00
70.04
0.00
0.00
0.00
52.73
0.00
0.00
0.00
67.66
0.00
0.00
0.00
60.75
0.00
0.00
0.00
58.20
0.00
0.00
0.00
58.61
0.00
0.00
0.00
64.35
0.00
0.00
0.00
61.32
0.00
0.00
0.00
73.38
0.00
0.00
0.00
67.89
0.00
0.00
0.00
57.11
0.00
0.00
0.00
56.91
0.00
0.00
0.00
66.42
0.00
0.00
0.00
61.16
0.00
0.00
0.00
45.04
0.00
0.00
0.00
65.13
0.00
0.00
0.00
62.15
0.00
0.00
0.00
66.14
0.00
0.00
0.00
62.62
0.00
0.00
0.00
61.95
0.00
0.00
0.00
60.78
0.00
0.00
0.00
50.11
0.00
0.00
0.00
68.97
0.00
0.00
0.00
63.28
0.00
0.00
0.00
59.50
0.00
0.00
0.00
62.52
0.00
0.00
0.00
60.89
0.00
0.00
0.00
77.08
0.00
0.00
0.00
58.13
0.00
0.00
0.00
63.99
0.00
0.00
0.00
70.39
0.00
0.00
0.00
70.60
0.00
0.00
0.00
70.17
0.00
0.00
0.00
53.85
0.00
0.00
0.00
60.77
0.00
0.00
0.00
68.86
0.00
0.00
0.00
57.03
0.00
0.00
0.00
60.22
0.00
0.00
0.00
65.49
0.00
0.00
0.00
58.27
0.00
0.00
0.00
60.43
0.00
0.00
0.00
55.09
0.00
0.00
0.00
57.33
0.00
0.00
0.00
66.60
0.00
0.00
0.00
50.36
0.00
0.00
0.00
54.47
0.00
0.00
0.00
61.39
0.00
0.00
0.00
61.07
0.00
0.00
0.00
47.16
0.00
0.00
0.00
99.99
0.00
0.00
0.00
0.00
0.00
0.00
0.00
45.21
0.00
0.00
0.00
57.74
0.00
0.00
0.00
57.23
0.00
0.00
0.00
60.98
0.00
0.00
0.00
60.52
0.00
0.00
0.00
67.29
0.00
0.00
0.00
49.87
0.00
0.00
0.00
71.09
0.00
0.00
0.00
61.63
0.00
0.00
0.00
66.06
0.00
0.00
0.00
57.93
0.00
0.00
0.00
62.82
0.00
0.00
0.00
60.11
0.00
0.00
0.00
66.00
0.00
0.00
0.00
73.94
0.00
0.00
0.00
61.71
0.00
0.00
0.00
72.02
0.00
0.00
0.00
57.38
0.00
0.00
0.00
68.03
0.00
0.00
0.00
55.93
0.00
0.00
0.00
63.46
0.00
0.00
0.00
61.79
0.00
0.00
0.00
64.18
0.00
0.00
0.00
58.85
0.00
0.00
0.00
26.04
0.00
0.00
0.00
0.00
0.00
0.00
0.00
0.00
0.00
0.00
0.00
0.00
0.00
0.00
0.00
0.00
0.00
0.00
0.00
0.00
0.00
0.00
0.00
0.00
0.00
0.00
0.00
0.00
0.00
0.00
0.00
0.00
0.00
0.00
0.00
0.00
0.00
0.00
0.00
0.00
0.00
0.00
0.00
0.00
0.00
0.00
0.00
0.00
0.00
0.00
0.00
0.00
0.00
0.00
0.00
0.00
0.00
0.00
0.00
0.00
0.00
0.00
0.00
0.00
0.00
0.00
0.00
0.00
0.00
0.00
0.00
0.00
0.00
0.00
0.00
0.00
0.00
0.00
0.00
0.00
0.00
0.00
0.00
0.00
0.00
0.00
0.00
0.00
0.00
0.00
0.00
0.00
0.00
0.00
0.00
0.00
0.00
0.00
0.00
0.00
0.00
0.00
0.00
0.00
0.00
0.00
0.00
0.00
0.00
0.00
0.00
0.00
0.00
0.00
0.00
0.00
0.00
0.00
0.00
0.00
0.00
0.00
0.00
0.00
0.00
0.00
0.00
0.00
0.00
0.00
0.00
0.00
0.00
0.00
0.00
0.00
0.00
0.00
0.00
0.00
0.00
0.00
0.00
0.00
0.00
0.00
0.00
0.00
0.00
0.00
0.00
0.00
0.00
0.00
0.00
0.00
0.00
0.00
0.00
0.00
0.00
0.00
0.00
0.00
0.00
0.00
0.00
0.00
0.00
0.00
0.00
0.00
0.00
0.00
0.00
0.00
0.00
0.00
0.00
0.00
0.00
0.00
0.00
0.00
0.00
0.00
0.00
0.00
0.00
0.00
0.00
0.00
0.00
0.00
0.00
0.00
0.00
0.00
0.00
0.00
0.00
0.00
0.00
0.00
0.00
0.00
0.00
0.00
0.00
0.00
0.00
0.00
0.00
0.00
0.00
0.00
0.00
0.00
0.00
0.00
0.00
0.00
0.00
0.00
0.00
0.00
0.00
0.00
0.00
0.00
0.00
43.58
0.00
0.00
0.00
0.00
0.00
0.00
0.00
0.00
0.00
0.00
0.00
0.00
0.00
0.00
0.00
0.00
0.00
0.00
0.00
0.00
0.00
0.00
0.00
0.00
0.00
0.00
0.00
0.00
0.00
0.00
0.00
0.00
0.00
0.00
0.00
0.00
0.00
0.00
