0.00
0.00
0.00
0.00
0.00
0.00
0.00
0.00
0.00
0.00
0.00
0.00
0.00
0.00
0.00
0.00
0.00
0.00
0.00
0.00
0.00
0.00
0.00
0.00
0.00
0.00
0.00
0.00
0.00
0.00
0.00
0.00
0.00
0.00
0.00
0.00
0.00
0.00
0.00
0.00
0.00
0.00
0.00
0.00
0.00
0.00
0.00
0.00
0.00
0.00
0.00
0.00
0.00
0.00
0.00
0.00
0.00
0.00
0.00
0.00
0.00
0.00
0.00
0.00
0.00
0.00
0.00
0.00
0.00
0.00
0.00
0.00
0.00
0.00
0.00
0.00
0.00
0.00
0.00
0.00
54.50
0.00
0.00
0.00
59.59
0.00
0.00
0.00
54.45
0.00
0.00
0.00
54.67
0.00
0.00
0.00
56.53
0.00
0.00
0.00
39.61
0.00
0.00
0.00
60.65
0.00
0.00
0.00
44.00
0.00
0.00
0.00
58.87
0.00
0.00
0.00
66.53
0.00
0.00
0.00
55.93
0.00
0.00
0.00
52.23
0.00
0.00
0.00
39.36
0.00
0.00
0.00
40.94
0.00
0.00
0.00
52.74
0.00
0.00
0.00
55.57
0.00
0.00
0.00
52.78
0.00
0.00
0.00
58.62
0.00
0.00
0.00
60.52
0.00
0.00
0.00
67.55
0.00
0.00
0.00
53.00
0.00
0.00
0.00
57.80
0.00
0.00
0.00
54.21
0.00
0.00
0.00
57.39
0.00
0.00
0.00
46.19
0.00
0.00
0.00
48.82
0.00
0.00
0.00
61.37
0.00
0.00
0.00
42.91
0.00
0.00
0.00
54.84
0.00
0.00
0.00
41.26
0.00
0.00
0.00
48.32
0.00
0.00
0.00
54.88
0.00
0.00
0.00
50.05
0.00
0.00
0.00
49.88
0.00
0.00
0.00
40.10
0.00
0.00
0.00
41.17
0.00
0.00
0.00
60.90
0.00
0.00
0.00
58.64
0.00
0.00
0.00
43.36
0.00
0.00
0.00
54.16
0.00
0.00
0.00
46.14
0.00
0.00
0.00
47.74
0.00
0.00
0.00
61.84
0.00
0.00
0.00
52.94
0.00
0.00
0.00
61.46
0.00
0.00
0.00
49.53
0.00
0.00
0.00
61.01
0.00
0.00
0.00
47.40
0.00
0.00
0.00
42.03
0.00
0.00
0.00
6.41
0.00
0.00
0.00
0.00
0.00
0.00
0.00
0.00
0.00
0.00
0.00
0.00
0.00
0.00
0.00
0.00
0.00
0.00
0.00
0.00
0.00
0.00
0.00
0.00
0.00
0.00
0.00
0.00
0.00
0.00
0.00
0.00
0.00
0.00
0.00
0.00
0.00
0.00
0.00
0.00
0.00
0.00
0.00
0.00
0.00
0.00
0.00
0.00
0.00
0.00
0.00
0.00
0.00
0.00
0.00
0.00
0.00
0.00
0.00
0.00
0.00
0.00
0.00
0.00
0.00
0.00
0.00
0.00
0.00
0.00
0.00
0.00
0.00
0.00
0.00
0.00
0.00
0.00
0.00
0.00
0.00
0.00
0.00
0.00
0.00
0.00
0.00
0.00
0.00
0.00
0.00
0.00
0.00
0.00
0.00
0.00
0.00
0.00
0.00
0.00
0.00
0.00
0.00
0.00
0.00
0.00
0.00
0.00
0.00
0.00
0.00
0.00
0.00
0.00
0.00
0.00
0.00
0.00
0.00
0.00
0.00
0.00
0.00
0.00
0.00
0.00
0.00
0.00
0.00
0.00
0.00
0.00
0.00
0.00
0.00
0.00
0.00
0.00
0.00
0.00
0.00
0.00
0.00
11.99
0.00
0.00
0.00
9.44
0.00
0.00
0.00
0.00
0.00
0.00
0.00
0.00
0.00
0.00
0.00
0.00
0.00
0.00
0.00
0.00
0.00
0.00
0.00
0.00
0.00
0.00
0.00
0.00
0.00
0.00
0.00
0.00
0.00
0.00
0.00
0.00
0.00
0.00
0.00
