0.00
0.00
0.00
0.00
0.00
0.00
0.00
0.00
0.00
0.00
0.00
0.00
0.00
0.00
0.00
0.00
0.00
0.00
0.00
0.00
0.00
0.00
0.00
0.00
0.00
0.00
0.00
0.00
0.00
0.00
0.00
0.00
0.00
0.00
0.00
0.00
0.00
0.00
0.00
0.00
0.00
0.00
0.00
0.00
0.00
0.00
0.00
0.00
0.00
0.00
0.00
0.00
0.00
0.00
0.00
0.00
0.00
0.00
0.00
0.00
0.00
0.00
0.00
0.00
0.00
0.00
0.00
0.00
0.00
0.00
0.00
0.00
0.00
0.00
0.00
0.00
0.00
0.00
0.00
0.00
55.14
0.00
0.00
0.00
50.23
0.00
0.00
0.00
63.30
0.00
0.00
0.00
52.45
0.00
0.00
0.00
65.12
0.00
0.00
0.00
54.27
0.00
0.00
0.00
58.79
0.00
0.00
0.00
67.79
0.00
0.00
0.00
56.25
0.00
0.00
0.00
63.83
0.00
0.00
0.00
62.76
0.00
0.00
0.00
57.47
0.00
0.00
0.00
59.26
0.00
0.00
0.00
54.64
0.00
0.00
0.00
63.04
0.00
0.00
0.00
71.11
0.00
0.00
0.00
62.32
0.00
0.00
0.00
55.56
0.00
0.00
0.00
63.51
0.00
0.00
0.00
55.73
0.00
0.00
0.00
55.70
0.00
0.00
0.00
67.16
0.00
0.00
0.00
64.97
0.00
0.00
0.00
51.18
0.00
0.00
0.00
59.99
0.00
0.00
0.00
55.32
0.00
0.00
0.00
62.04
0.00
0.00
0.00
60.21
0.00
0.00
0.00
58.90
0.00
0.00
0.00
56.34
0.00
0.00
0.00
60.61
0.00
0.00
0.00
62.19
0.00
0.00
0.00
60.58
0.00
0.00
0.00
64.29
0.00
0.00
0.00
65.60
0.00
0.00
0.00
56.44
0.00
0.00
0.00
48.95
0.00
0.00
0.00
59.82
0.00
0.00
0.00
62.83
0.00
0.00
0.00
60.30
0.00
0.00
0.00
69.68
0.00
0.00
0.00
62.54
0.00
0.00
0.00
60.98
0.00
0.00
0.00
63.05
0.00
0.00
0.00
54.08
0.00
0.00
0.00
50.50
0.00
0.00
0.00
63.38
0.00
0.00
0.00
53.39
0.00
0.00
0.00
50.48
0.00
0.00
0.00
58.55
0.00
0.00
0.00
74.23
0.00
0.00
0.00
56.75
0.00
0.00
0.00
49.96
0.00
0.00
0.00
64.82
0.00
0.00
0.00
66.15
0.00
0.00
0.00
0.00
0.00
0.00
0.00
0.00
0.00
0.00
0.00
62.37
0.00
0.00
0.00
79.04
0.00
0.00
0.00
57.17
0.00
0.00
0.00
64.50
0.00
0.00
0.00
54.36
0.00
0.00
0.00
64.04
0.00
0.00
0.00
58.89
0.00
0.00
0.00
50.74
0.00
0.00
0.00
66.16
0.00
0.00
0.00
65.45
0.00
0.00
0.00
63.84
0.00
0.00
0.00
33.56
0.00
0.00
0.00
54.34
0.00
0.00
0.00
64.85
0.00
0.00
0.00
62.80
0.00
0.00
0.00
58.72
0.00
0.00
0.00
64.21
0.00
0.00
0.00
51.86
0.00
0.00
0.00
65.41
0.00
0.00
0.00
71.88
0.00
0.00
0.00
56.08
0.00
0.00
0.00
67.79
0.00
0.00
0.00
56.06
0.00
0.00
0.00
67.18
0.00
0.00
0.00
66.10
0.00
0.00
0.00
55.40
0.00
0.00
0.00
61.78
0.00
0.00
0.00
62.02
0.00
0.00
0.00
55.71
0.00
0.00
0.00
59.40
0.00
0.00
0.00
60.68
0.00
0.00
0.00
51.57
0.00
0.00
0.00
59.40
0.00
0.00
0.00
56.33
0.00
0.00
0.00
57.93
0.00
0.00
0.00
56.59
0.00
0.00
0.00
61.70
0.00
0.00
0.00
72.15
0.00
0.00
0.00
67.94
0.00
0.00
0.00
67.70
0.00
0.00
0.00
69.75
0.00
0.00
0.00
66.73
0.00
0.00
0.00
51.42
0.00
0.00
0.00
54.95
0.00
0.00
0.00
52.83
0.00
0.00
0.00
59.89
0.00
0.00
0.00
51.98
0.00
0.00
0.00
60.25
0.00
0.00
0.00
65.49
0.00
0.00
0.00
61.62
0.00
0.00
0.00
60.63
0.00
0.00
0.00
52.48
0.00
0.00
0.00
54.27
0.00
0.00
0.00
55.41
0.00
0.00
0.00
62.53
0.00
0.00
0.00
60.83
0.00
0.00
0.00
56.52
0.00
0.00
0.00
56.55
0.00
0.00
0.00
55.30
0.00
0.00
0.00
58.49
0.00
0.00
0.00
58.74
0.00
0.00
0.00
59.17
0.00
0.00
0.00
56.10
0.00
0.00
0.00
32.87
0.00
0.00
0.00
11.13
0.00
0.00
0.00
0.00
0.00
0.00
0.00
0.00
0.00
0.00
0.00
0.00
0.00
0.00
0.00
0.00
0.00
0.00
0.00
0.00
0.00
0.00
0.00
0.00
0.00
0.00
0.00
0.00
0.00
0.00
0.00
0.00
0.00
0.00
0.00
0.00
0.00
0.00
0.00
0.00
0.00
0.00
0.00
0.00
0.00
0.00
0.00
0.00
0.00
0.00
0.00
0.00
0.00
0.00
0.00
0.00
0.00
0.00
0.00
0.00
0.00
0.00
0.00
0.00
0.00
0.00
0.00
0.00
0.00
0.00
0.00
0.00
0.00
0.00
0.00
0.00
0.00
0.00
0.00
0.00
0.00
0.00
0.00
0.00
0.00
0.00
0.00
0.00
0.00
0.00
0.00
0.00
0.00
0.00
0.00
0.00
0.00
0.00
0.00
0.00
0.00
0.00
0.00
0.00
0.00
0.00
0.00
0.00
0.00
0.00
0.00
0.00
0.00
0.00
0.00
0.00
0.00
0.00
0.00
0.00
0.00
0.00
0.00
0.00
0.00
0.00
0.00
0.00
0.00
0.00
0.00
0.00
0.00
0.00
0.00
0.00
0.00
0.00
0.00
0.00
0.00
0.00
0.00
0.00
0.00
0.00
0.00
0.00
0.00
0.00
0.00
0.00
0.00
0.00
0.00
0.00
0.00
0.00
0.00
0.00
0.00
0.00
0.00
0.00
0.00
0.00
0.00
0.00
0.00
0.00
0.00
0.00
0.00
0.00
0.00
0.00
0.00
0.00
0.00
0.00
0.00
0.00
0.00
0.00
0.00
0.00
0.00
0.00
0.00
0.00
0.00
0.00
0.00
0.00
0.00
0.00
0.00
0.00
0.00
0.00
0.00
0.00
0.00
0.00
0.00
0.00
0.00
0.00
0.00
0.00
0.00
0.00
0.00
0.00
0.00
0.00
0.00
0.00
0.00
0.00
0.00
0.00
0.00
0.00
0.00
0.00
0.00
0.00
0.00
0.00
0.00
0.00
0.00
0.00
0.00
0.00
0.00
0.00
0.00
0.00
0.00
0.00
0.00
0.00
0.00
0.00
0.00
0.00
0.00
0.00
0.00
0.00
0.00
0.00
8.59
0.00
0.00
0.00
0.00
0.00
0.00
0.00
0.00
0.00
0.00
0.00
0.00
0.00
0.00
0.00
16.26
0.00
0.00
0.00
0.00
0.00
0.00
0.00
0.00
0.00
0.00
0.00
0.00
0.00
0.00
0.00
0.00
0.00
0.00
0.00
0.00
0.00
