0.00
0.00
0.00
0.00
0.00
0.00
0.00
0.00
0.00
0.00
0.00
0.00
0.00
0.00
0.00
0.00
0.00
0.00
0.00
0.00
0.00
0.00
0.00
0.00
0.00
0.00
0.00
0.00
0.00
0.00
0.00
0.00
0.00
0.00
0.00
0.00
0.00
0.00
0.00
0.00
0.00
0.00
0.00
0.00
0.00
0.00
0.00
0.00
0.00
0.00
0.00
0.00
0.00
0.00
0.00
0.00
0.00
0.00
0.00
0.00
0.00
0.00
0.00
0.00
0.00
0.00
0.00
0.00
0.00
0.00
0.00
0.00
0.00
0.00
0.00
0.00
0.00
0.00
0.00
0.00
0.00
0.00
0.00
62.81
0.00
0.00
0.00
61.97
0.00
0.00
0.00
58.52
0.00
0.00
0.00
53.68
0.00
0.00
0.00
68.21
0.00
0.00
0.00
69.20
0.00
0.00
0.00
54.18
0.00
0.00
0.00
67.36
0.00
0.00
0.00
57.83
0.00
0.00
0.00
63.77
0.00
0.00
0.00
64.34
0.00
0.00
0.00
53.95
0.00
0.00
0.00
66.03
0.00
0.00
0.00
69.36
0.00
0.00
0.00
64.64
0.00
0.00
0.00
58.44
0.00
0.00
0.00
53.92
0.00
0.00
0.00
61.95
0.00
0.00
0.00
58.96
0.00
0.00
0.00
64.27
0.00
0.00
0.00
67.17
0.00
0.00
0.00
60.08
0.00
0.00
0.00
61.47
0.00
0.00
0.00
64.83
0.00
0.00
0.00
60.45
0.00
0.00
0.00
65.79
0.00
0.00
0.00
62.54
0.00
0.00
0.00
68.49
0.00
0.00
0.00
59.63
0.00
0.00
0.00
70.98
0.00
0.00
0.00
64.41
0.00
0.00
0.00
60.07
0.00
0.00
0.00
57.91
0.00
0.00
0.00
66.43
0.00
0.00
0.00
66.90
0.00
0.00
0.00
63.48
0.00
0.00
0.00
63.18
0.00
0.00
0.00
50.24
0.00
0.00
0.00
67.16
0.00
0.00
0.00
63.62
0.00
0.00
0.00
71.95
0.00
0.00
0.00
49.01
0.00
0.00
0.00
59.29
0.00
0.00
0.00
59.09
0.00
0.00
0.00
64.52
0.00
0.00
0.00
63.25
0.00
0.00
0.00
61.74
0.00
0.00
0.00
61.47
0.00
0.00
0.00
60.84
0.00
0.00
0.00
78.28
0.00
0.00
0.00
57.67
0.00
0.00
0.00
59.70
0.00
0.00
0.00
58.60
0.00
0.00
0.00
52.55
0.00
0.00
0.00
74.18
0.00
0.00
0.00
59.84
0.00
0.00
0.00
62.03
0.00
0.00
0.00
67.45
0.00
0.00
0.00
59.75
0.00
0.00
0.00
82.53
0.00
0.00
0.00
66.44
0.00
0.00
0.00
65.29
0.00
0.00
0.00
69.12
0.00
0.00
0.00
60.73
0.00
0.00
0.00
59.91
0.00
0.00
0.00
73.62
0.00
0.00
0.00
58.29
0.00
0.00
0.00
61.03
0.00
0.00
0.00
51.57
0.00
0.00
0.00
69.57
0.00
0.00
0.00
58.50
0.00
0.00
0.00
61.21
0.00
0.00
0.00
56.68
0.00
0.00
0.00
64.74
0.00
0.00
0.00
54.02
0.00
0.00
0.00
61.21
0.00
0.00
0.00
70.69
0.00
0.00
0.00
61.39
0.00
0.00
0.00
61.78
0.00
0.00
0.00
61.26
0.00
0.00
0.00
58.79
0.00
0.00
0.00
67.28
0.00
0.00
0.00
66.17
0.00
0.00
0.00
65.88
0.00
0.00
0.00
27.85
0.00
0.00
0.00
99.99
0.00
0.00
0.00
99.99
0.00
0.00
0.00
60.72
0.00
0.00
0.00
68.30
0.00
0.00
0.00
66.15
0.00
0.00
0.00
56.20
0.00
0.00
0.00
71.60
0.00
0.00
0.00
73.25
0.00
0.00
0.00
51.37
0.00
0.00
0.00
64.94
0.00
0.00
0.00
70.82
0.00
0.00
0.00
59.09
0.00
0.00
0.00
52.02
0.00
0.00
0.00
61.66
0.00
0.00
0.00
61.95
0.00
0.00
0.00
52.24
0.00
0.00
0.00
64.39
0.00
0.00
0.00
69.96
0.00
0.00
0.00
62.74
0.00
0.00
0.00
58.85
0.00
0.00
0.00
65.39
0.00
0.00
0.00
59.94
0.00
0.00
0.00
60.62
0.00
0.00
0.00
58.69
0.00
0.00
0.00
65.51
0.00
0.00
0.00
59.77
0.00
0.00
0.00
58.06
0.00
0.00
0.00
53.25
0.00
0.00
0.00
60.95
0.00
0.00
0.00
50.76
0.00
0.00
0.00
60.28
0.00
0.00
0.00
61.34
0.00
0.00
0.00
48.54
0.00
0.00
0.00
62.26
0.00
0.00
0.00
67.12
0.00
0.00
0.00
61.04
0.00
0.00
0.00
62.34
0.00
0.00
0.00
60.94
0.00
0.00
0.00
67.70
0.00
0.00
0.00
63.28
0.00
0.00
0.00
60.84
0.00
0.00
0.00
61.95
0.00
0.00
0.00
61.33
0.00
0.00
0.00
66.03
0.00
0.00
0.00
61.96
0.00
0.00
0.00
54.13
0.00
0.00
0.00
60.73
0.00
0.00
0.00
51.27
0.00
0.00
0.00
68.98
0.00
0.00
0.00
56.89
0.00
0.00
0.00
68.99
0.00
0.00
0.00
66.25
0.00
0.00
0.00
51.89
0.00
0.00
0.00
56.43
0.00
0.00
0.00
0.00
0.00
0.00
0.00
0.00
0.00
0.00
0.00
0.00
0.00
0.00
0.00
99.99
0.00
0.00
0.00
0.00
0.00
0.00
0.00
0.00
0.00
0.00
0.00
0.00
0.00
0.00
0.00
0.00
0.00
0.00
0.00
93.59
0.00
0.00
0.00
66.73
0.00
0.00
0.00
59.57
0.00
0.00
0.00
52.02
0.00
0.00
0.00
70.40
0.00
0.00
0.00
51.70
0.00
0.00
0.00
67.38
0.00
0.00
0.00
55.19
0.00
0.00
0.00
65.94
0.00
0.00
0.00
58.75
0.00
0.00
0.00
59.51
0.00
0.00
0.00
51.86
0.00
0.00
0.00
57.09
0.00
0.00
0.00
56.74
0.00
0.00
0.00
75.05
0.00
0.00
0.00
56.16
0.00
0.00
0.00
64.32
0.00
0.00
0.00
68.33
0.00
0.00
0.00
72.01
0.00
0.00
0.00
71.84
0.00
0.00
0.00
58.29
0.00
0.00
0.00
64.41
0.00
0.00
0.00
51.71
0.00
0.00
0.00
68.42
0.00
0.00
0.00
44.66
0.00
0.00
0.00
57.61
0.00
0.00
0.00
63.54
0.00
0.00
0.00
65.19
0.00
0.00
0.00
63.21
0.00
0.00
0.00
67.88
0.00
0.00
0.00
67.27
0.00
0.00
0.00
67.95
0.00
0.00
0.00
48.51
0.00
0.00
0.00
69.79
0.00
0.00
0.00
69.19
0.00
0.00
0.00
65.99
0.00
0.00
0.00
57.72
0.00
0.00
0.00
69.16
0.00
0.00
0.00
67.43
0.00
0.00
0.00
59.38
0.00
0.00
0.00
64.34
0.00
0.00
0.00
58.02
0.00
0.00
0.00
65.59
0.00
0.00
0.00
75.22
0.00
0.00
0.00
56.75
0.00
0.00
0.00
55.41
0.00
0.00
0.00
67.51
0.00
0.00
0.00
54.27
0.00
0.00
0.00
68.02
0.00
0.00
0.00
84.97
0.00
0.00
0.00
51.98
0.00
0.00
0.00
30.94
0.00
0.00
0.00
0.00
0.00
0.00
0.00
0.00
0.00
0.00
0.00
99.99
0.00
0.00
0.00
70.45
0.00
0.00
0.00
63.34
0.00
0.00
0.00
62.59
0.00
0.00
0.00
61.85
0.00
0.00
0.00
48.95
0.00
0.00
0.00
64.56
0.00
0.00
0.00
69.47
0.00
0.00
0.00
59.54
0.00
0.00
0.00
46.70
0.00
0.00
0.00
61.55
0.00
0.00
0.00
67.48
0.00
0.00
0.00
61.78
0.00
0.00
0.00
79.44
0.00
0.00
0.00
66.53
0.00
0.00
0.00
99.99
0.00
0.00
0.00
51.97
0.00
0.00
0.00
60.87
0.00
0.00
0.00
73.93
0.00
0.00
0.00
56.90
0.00
0.00
0.00
62.41
0.00
0.00
0.00
60.92
0.00
0.00
0.00
59.33
0.00
0.00
0.00
61.01
0.00
0.00
0.00
60.76
0.00
0.00
0.00
59.05
0.00
0.00
0.00
61.17
0.00
0.00
0.00
54.21
0.00
0.00
0.00
76.91
0.00
0.00
0.00
54.63
0.00
0.00
0.00
61.66
0.00
0.00
0.00
59.96
0.00
0.00
0.00
56.13
0.00
0.00
0.00
62.92
0.00
0.00
0.00
51.67
0.00
0.00
0.00
61.95
0.00
0.00
0.00
61.80
0.00
0.00
0.00
61.75
0.00
0.00
0.00
56.71
0.00
0.00
0.00
67.32
0.00
0.00
0.00
71.02
0.00
0.00
0.00
68.45
0.00
0.00
0.00
57.06
0.00
0.00
0.00
55.89
0.00
0.00
0.00
64.15
0.00
0.00
0.00
54.34
0.00
0.00
0.00
61.77
0.00
0.00
0.00
69.81
0.00
0.00
0.00
65.69
0.00
0.00
0.00
65.88
0.00
0.00
0.00
71.59
0.00
0.00
0.00
63.73
0.00
0.00
0.00
58.51
0.00
0.00
0.00
65.26
0.00
0.00
0.00
69.98
0.00
0.00
0.00
56.90
0.00
0.00
0.00
59.78
0.00
0.00
0.00
62.08
0.00
0.00
0.00
63.83
0.00
0.00
0.00
62.06
0.00
0.00
0.00
50.79
0.00
0.00
0.00
60.75
0.00
0.00
0.00
64.60
0.00
0.00
0.00
60.32
0.00
0.00
0.00
85.60
0.00
0.00
0.00
61.46
0.00
0.00
0.00
58.77
0.00
0.00
0.00
67.25
0.00
0.00
0.00
61.73
0.00
0.00
0.00
67.07
0.00
0.00
0.00
67.49
0.00
0.00
0.00
62.80
0.00
0.00
0.00
60.67
0.00
0.00
0.00
61.09
0.00
0.00
0.00
63.24
0.00
0.00
0.00
55.12
0.00
0.00
0.00
59.43
0.00
0.00
0.00
68.46
0.00
0.00
0.00
54.09
0.00
0.00
0.00
60.10
0.00
0.00
0.00
63.87
0.00
0.00
0.00
63.06
0.00
0.00
0.00
70.77
0.00
0.00
0.00
53.91
0.00
0.00
0.00
69.50
0.00
0.00
0.00
54.06
0.00
0.00
0.00
63.35
0.00
0.00
0.00
64.22
0.00
0.00
0.00
69.32
0.00
0.00
0.00
52.65
0.00
0.00
0.00
58.81
0.00
0.00
0.00
65.95
0.00
0.00
0.00
56.71
0.00
0.00
0.00
56.60
0.00
0.00
0.00
66.66
0.00
0.00
0.00
63.16
0.00
0.00
0.00
60.69
0.00
0.00
0.00
64.13
0.00
0.00
0.00
65.34
0.00
0.00
0.00
61.79
0.00
0.00
0.00
55.61
0.00
0.00
0.00
57.82
0.00
0.00
0.00
58.98
0.00
0.00
0.00
64.06
0.00
0.00
0.00
53.75
0.00
0.00
0.00
53.87
0.00
0.00
0.00
47.83
0.00
0.00
0.00
60.21
0.00
0.00
0.00
72.34
0.00
0.00
0.00
65.86
0.00
0.00
0.00
70.26
0.00
0.00
0.00
58.30
0.00
0.00
0.00
50.98
0.00
0.00
0.00
37.56
0.00
0.00
0.00
59.40
0.00
0.00
0.00
51.60
0.00
0.00
0.00
57.96
0.00
0.00
0.00
61.81
0.00
0.00
0.00
57.92
0.00
0.00
0.00
56.55
0.00
0.00
0.00
69.31
0.00
0.00
0.00
70.43
0.00
0.00
0.00
58.35
0.00
0.00
0.00
67.59
0.00
0.00
0.00
60.47
0.00
0.00
0.00
62.95
0.00
0.00
0.00
72.56
0.00
0.00
0.00
56.21
0.00
0.00
0.00
66.57
0.00
0.00
0.00
60.34
0.00
0.00
0.00
66.21
0.00
0.00
0.00
60.23
0.00
0.00
0.00
65.52
0.00
0.00
0.00
67.79
0.00
0.00
0.00
67.43
0.00
0.00
0.00
56.97
0.00
0.00
0.00
61.04
0.00
0.00
0.00
57.59
0.00
0.00
0.00
69.87
0.00
0.00
0.00
67.29
0.00
0.00
0.00
64.79
0.00
0.00
0.00
55.21
0.00
0.00
0.00
57.24
0.00
0.00
0.00
61.47
0.00
0.00
0.00
81.96
0.00
0.00
0.00
55.90
0.00
0.00
0.00
62.15
0.00
0.00
0.00
48.39
0.00
0.00
0.00
66.55
0.00
0.00
0.00
51.32
0.00
0.00
0.00
52.21
0.00
0.00
0.00
93.59
0.00
0.00
0.00
0.00
0.00
0.00
0.00
0.00
0.00
0.00
0.00
0.00
0.00
0.00
0.00
0.00
0.00
0.00
0.00
99.99
0.00
0.00
0.00
59.36
0.00
0.00
0.00
58.73
0.00
0.00
0.00
65.92
0.00
0.00
0.00
59.58
0.00
0.00
0.00
69.10
0.00
0.00
0.00
67.23
0.00
0.00
0.00
62.72
0.00
0.00
0.00
65.15
0.00
0.00
0.00
57.75
0.00
0.00
0.00
72.13
0.00
0.00
0.00
60.63
0.00
0.00
0.00
54.14
0.00
0.00
0.00
61.59
0.00
0.00
0.00
57.26
0.00
0.00
0.00
62.67
0.00
0.00
0.00
65.79
0.00
0.00
0.00
58.85
0.00
0.00
0.00
60.77
0.00
0.00
0.00
61.62
0.00
0.00
0.00
66.27
0.00
0.00
0.00
55.48
0.00
0.00
0.00
61.66
0.00
0.00
0.00
0.00
0.00
0.00
0.00
0.00
0.00
0.00
0.00
52.74
0.00
0.00
0.00
64.98
0.00
0.00
0.00
66.65
0.00
0.00
0.00
61.96
0.00
0.00
0.00
63.78
0.00
0.00
0.00
64.01
0.00
0.00
0.00
61.50
0.00
0.00
0.00
62.49
0.00
0.00
0.00
68.59
0.00
0.00
0.00
51.86
0.00
0.00
0.00
68.99
0.00
0.00
0.00
52.97
0.00
0.00
0.00
54.92
0.00
0.00
0.00
68.80
0.00
0.00
0.00
61.96
0.00
0.00
0.00
73.96
0.00
0.00
0.00
46.14
0.00
0.00
0.00
56.58
0.00
0.00
0.00
53.26
0.00
0.00
0.00
46.80
0.00
0.00
0.00
68.25
0.00
0.00
0.00
51.04
0.00
0.00
0.00
64.02
0.00
0.00
0.00
59.10
0.00
0.00
0.00
66.38
0.00
0.00
0.00
0.00
0.00
0.00
0.00
99.99
0.00
0.00
0.00
61.60
0.00
0.00
0.00
58.69
0.00
0.00
0.00
51.79
0.00
0.00
0.00
0.00
0.00
0.00
0.00
99.99
0.00
0.00
0.00
99.99
0.00
0.00
0.00
0.00
0.00
0.00
0.00
99.99
0.00
0.00
0.00
99.99
0.00
0.00
0.00
0.00
0.00
0.00
0.00
29.92
0.00
0.00
0.00
0.00
0.00
0.00
0.00
0.00
0.00
0.00
0.00
0.00
0.00
0.00
0.00
0.00
0.00
0.00
0.00
0.00
0.00
0.00
0.00
0.00
0.00
0.00
0.00
0.00
0.00
0.00
0.00
0.00
0.00
0.00
0.00
0.00
0.00
0.00
0.00
99.99
0.00
0.00
0.00
0.00
0.00
0.00
0.00
60.89
0.00
0.00
0.00
99.99
0.00
0.00
0.00
57.27
0.00
0.00
0.00
72.69
0.00
0.00
0.00
60.08
0.00
0.00
0.00
59.07
0.00
0.00
0.00
55.66
0.00
0.00
0.00
67.75
0.00
0.00
0.00
63.34
0.00
0.00
0.00
54.72
0.00
0.00
0.00
54.25
0.00
0.00
0.00
61.22
0.00
0.00
0.00
46.66
0.00
0.00
0.00
58.49
0.00
0.00
0.00
71.02
0.00
0.00
0.00
67.77
0.00
0.00
0.00
59.10
0.00
0.00
0.00
64.60
0.00
0.00
0.00
65.95
0.00
0.00
0.00
66.19
0.00
0.00
0.00
63.91
0.00
0.00
0.00
70.33
0.00
0.00
0.00
62.88
0.00
0.00
0.00
63.04
0.00
0.00
0.00
67.01
0.00
0.00
0.00
64.37
0.00
0.00
0.00
64.60
0.00
0.00
0.00
57.14
0.00
0.00
0.00
57.36
0.00
0.00
0.00
50.75
0.00
0.00
0.00
68.78
0.00
0.00
0.00
73.34
0.00
0.00
0.00
57.76
0.00
0.00
0.00
60.01
0.00
0.00
0.00
52.39
0.00
0.00
0.00
49.11
0.00
0.00
0.00
70.87
0.00
0.00
0.00
64.07
0.00
0.00
0.00
47.18
0.00
0.00
0.00
54.80
0.00
0.00
0.00
69.26
0.00
0.00
0.00
59.78
0.00
0.00
0.00
60.00
0.00
0.00
0.00
63.54
0.00
0.00
0.00
53.22
0.00
0.00
0.00
65.09
0.00
0.00
0.00
70.23
0.00
0.00
0.00
49.02
0.00
0.00
0.00
63.33
0.00
0.00
0.00
59.31
0.00
0.00
0.00
54.93
0.00
0.00
0.00
57.15
0.00
0.00
0.00
54.54
0.00
0.00
0.00
54.50
0.00
0.00
0.00
54.26
0.00
0.00
0.00
69.40
0.00
0.00
0.00
69.36
0.00
0.00
0.00
53.36
0.00
0.00
0.00
58.29
0.00
0.00
0.00
63.92
0.00
0.00
0.00
69.34
0.00
0.00
0.00
59.35
0.00
0.00
0.00
56.54
0.00
0.00
0.00
53.01
0.00
0.00
0.00
79.11
0.00
0.00
0.00
58.19
0.00
0.00
0.00
67.50
0.00
0.00
0.00
56.89
0.00
0.00
0.00
52.39
0.00
0.00
0.00
62.34
0.00
0.00
0.00
59.32
0.00
0.00
0.00
68.67
0.00
0.00
0.00
57.55
0.00
0.00
0.00
60.40
0.00
0.00
0.00
65.96
0.00
0.00
0.00
61.50
0.00
0.00
0.00
59.70
0.00
0.00
0.00
63.95
0.00
0.00
0.00
63.61
0.00
0.00
0.00
58.22
0.00
0.00
0.00
0.00
0.00
0.00
0.00
55.74
0.00
0.00
0.00
61.27
0.00
0.00
0.00
67.84
0.00
0.00
0.00
66.04
0.00
0.00
0.00
58.80
0.00
0.00
0.00
62.19
0.00
0.00
0.00
58.21
0.00
0.00
0.00
63.64
0.00
0.00
0.00
55.85
0.00
0.00
0.00
60.21
0.00
0.00
0.00
69.34
0.00
0.00
0.00
60.29
0.00
0.00
0.00
69.09
0.00
0.00
0.00
61.44
0.00
0.00
0.00
52.70
0.00
0.00
0.00
55.30
0.00
0.00
0.00
57.87
0.00
0.00
0.00
63.42
0.00
0.00
0.00
67.46
0.00
0.00
0.00
61.96
0.00
0.00
0.00
64.07
0.00
0.00
0.00
60.66
0.00
0.00
0.00
65.71
0.00
0.00
0.00
60.02
0.00
0.00
0.00
66.71
0.00
0.00
0.00
60.40
0.00
0.00
0.00
58.67
0.00
0.00
0.00
52.82
0.00
0.00
0.00
60.99
0.00
0.00
0.00
51.96
0.00
0.00
0.00
58.06
0.00
0.00
0.00
69.02
0.00
0.00
0.00
61.46
0.00
0.00
0.00
68.14
0.00
0.00
0.00
54.41
0.00
0.00
0.00
75.28
0.00
0.00
0.00
61.39
0.00
0.00
0.00
58.05
0.00
0.00
0.00
61.20
0.00
0.00
0.00
48.99
0.00
0.00
0.00
71.89
0.00
0.00
0.00
61.00
0.00
0.00
0.00
68.74
0.00
0.00
0.00
59.66
0.00
0.00
0.00
61.84
0.00
0.00
0.00
52.41
0.00
0.00
0.00
60.11
0.00
0.00
0.00
52.42
0.00
0.00
0.00
62.43
0.00
0.00
0.00
53.29
0.00
0.00
0.00
61.66
0.00
0.00
0.00
54.59
0.00
0.00
0.00
61.81
0.00
0.00
0.00
53.78
0.00
0.00
0.00
64.69
0.00
0.00
0.00
57.17
0.00
0.00
0.00
54.80
0.00
0.00
0.00
56.58
0.00
0.00
0.00
55.58
0.00
0.00
0.00
60.29
0.00
0.00
0.00
61.70
0.00
0.00
0.00
59.84
0.00
0.00
0.00
66.97
0.00
0.00
0.00
58.92
0.00
0.00
0.00
66.86
0.00
0.00
0.00
59.82
0.00
0.00
0.00
62.65
0.00
0.00
0.00
57.62
0.00
0.00
0.00
61.22
0.00
0.00
0.00
61.65
0.00
0.00
0.00
62.02
0.00
0.00
0.00
52.66
0.00
0.00
0.00
54.45
0.00
0.00
0.00
74.28
0.00
0.00
0.00
57.21
0.00
0.00
0.00
66.72
0.00
0.00
0.00
57.68
0.00
0.00
0.00
69.87
0.00
0.00
0.00
59.98
0.00
0.00
0.00
68.88
0.00
0.00
0.00
52.68
0.00
0.00
0.00
53.66
0.00
0.00
0.00
56.90
0.00
0.00
0.00
67.29
0.00
0.00
0.00
58.62
0.00
0.00
0.00
54.78
0.00
0.00
0.00
60.99
0.00
0.00
0.00
52.67
0.00
0.00
0.00
57.95
0.00
0.00
0.00
62.88
0.00
0.00
0.00
61.86
0.00
0.00
0.00
68.66
0.00
0.00
0.00
58.78
0.00
0.00
0.00
71.04
0.00
0.00
0.00
60.02
0.00
0.00
0.00
55.33
0.00
0.00
0.00
61.53
0.00
0.00
0.00
73.14
0.00
0.00
0.00
54.50
0.00
0.00
0.00
61.85
0.00
0.00
0.00
62.67
0.00
0.00
0.00
67.13
0.00
0.00
0.00
59.65
0.00
0.00
0.00
63.60
0.00
0.00
0.00
64.50
0.00
0.00
0.00
64.29
0.00
0.00
0.00
51.52
0.00
0.00
0.00
68.20
0.00
0.00
0.00
56.33
0.00
0.00
0.00
63.88
0.00
0.00
0.00
68.98
0.00
0.00
0.00
61.84
0.00
0.00
0.00
56.66
0.00
0.00
0.00
59.68
0.00
0.00
0.00
50.52
0.00
0.00
0.00
66.03
0.00
0.00
0.00
58.52
0.00
0.00
0.00
0.00
0.00
0.00
0.00
60.60
0.00
0.00
0.00
64.51
0.00
0.00
0.00
57.04
0.00
0.00
0.00
58.80
0.00
0.00
0.00
58.44
0.00
0.00
0.00
64.65
0.00
0.00
0.00
57.14
0.00
0.00
0.00
56.71
0.00
0.00
0.00
67.27
0.00
0.00
0.00
60.28
0.00
0.00
0.00
61.18
0.00
0.00
0.00
52.84
0.00
0.00
0.00
58.88
0.00
0.00
0.00
59.72
0.00
0.00
0.00
67.69
0.00
0.00
0.00
62.33
0.00
0.00
0.00
57.45
0.00
0.00
0.00
60.40
0.00
0.00
0.00
56.08
0.00
0.00
0.00
57.14
0.00
0.00
0.00
63.97
0.00
0.00
0.00
64.97
0.00
0.00
0.00
66.66
0.00
0.00
0.00
64.76
0.00
0.00
0.00
58.26
0.00
0.00
0.00
53.99
0.00
0.00
0.00
64.43
0.00
0.00
0.00
51.18
0.00
0.00
0.00
64.69
0.00
0.00
0.00
99.99
0.00
0.00
0.00
57.97
0.00
0.00
0.00
64.61
0.00
0.00
0.00
51.02
0.00
0.00
0.00
50.62
0.00
0.00
0.00
53.73
0.00
0.00
0.00
54.15
0.00
0.00
0.00
54.80
0.00
0.00
0.00
58.49
0.00
0.00
0.00
58.32
0.00
0.00
0.00
65.30
0.00
0.00
0.00
71.56
0.00
0.00
0.00
55.77
0.00
0.00
0.00
71.81
0.00
0.00
0.00
56.22
0.00
0.00
0.00
56.48
0.00
0.00
0.00
59.98
0.00
0.00
0.00
60.14
0.00
0.00
0.00
62.99
0.00
0.00
0.00
68.51
0.00
0.00
0.00
56.21
0.00
0.00
0.00
75.73
0.00
0.00
0.00
0.00
0.00
0.00
0.00
49.11
0.00
0.00
0.00
0.00
0.00
0.00
0.00
0.00
0.00
0.00
0.00
0.00
0.00
0.00
0.00
0.00
0.00
0.00
0.00
0.00
0.00
0.00
0.00
0.00
0.00
0.00
0.00
0.00
0.00
0.00
0.00
73.38
0.00
0.00
0.00
60.44
0.00
0.00
0.00
0.00
0.00
0.00
0.00
0.00
0.00
0.00
0.00
62.21
0.00
0.00
0.00
0.00
0.00
0.00
0.00
0.00
0.00
0.00
0.00
42.28
0.00
0.00
0.00
70.16
0.00
0.00
0.00
55.64
0.00
0.00
0.00
99.99
0.00
0.00
0.00
0.00
0.00
0.00
0.00
86.28
0.00
0.00
0.00
11.93
0.00
0.00
0.00
53.09
0.00
0.00
0.00
69.53
0.00
0.00
0.00
0.00
0.00
0.00
0.00
85.91
0.00
0.00
0.00
0.00
0.00
0.00
0.00
99.99
0.00
0.00
0.00
0.00
0.00
0.00
0.00
99.99
0.00
0.00
0.00
0.00
0.00
0.00
0.00
68.27
0.00
0.00
0.00
0.00
0.00
0.00
0.00
0.00
0.00
0.00
0.00
0.00
0.00
0.00
0.00
0.00
0.00
0.00
0.00
57.88
0.00
0.00
0.00
64.14
0.00
0.00
0.00
71.39
0.00
0.00
0.00
85.64
0.00
0.00
0.00
58.25
0.00
0.00
0.00
59.81
0.00
0.00
0.00
67.77
0.00
0.00
0.00
57.11
0.00
0.00
0.00
61.11
0.00
0.00
0.00
57.62
0.00
0.00
0.00
52.47
0.00
0.00
0.00
63.42
0.00
0.00
0.00
60.21
0.00
0.00
0.00
52.64
0.00
0.00
0.00
57.00
0.00
0.00
0.00
68.07
0.00
0.00
0.00
55.57
0.00
0.00
0.00
56.09
0.00
0.00
0.00
65.04
0.00
0.00
0.00
60.49
0.00
0.00
0.00
51.63
0.00
0.00
0.00
61.90
0.00
0.00
0.00
63.85
0.00
0.00
0.00
60.39
0.00
0.00
0.00
63.14
0.00
0.00
0.00
69.42
0.00
0.00
0.00
53.89
0.00
0.00
0.00
65.10
0.00
0.00
0.00
65.40
0.00
0.00
0.00
61.72
0.00
0.00
0.00
58.71
0.00
0.00
0.00
60.88
0.00
0.00
0.00
63.80
0.00
0.00
0.00
58.50
0.00
0.00
0.00
59.92
0.00
0.00
0.00
55.18
0.00
0.00
0.00
64.51
0.00
0.00
0.00
56.72
0.00
0.00
0.00
65.15
0.00
0.00
0.00
50.17
0.00
0.00
0.00
64.38
0.00
0.00
0.00
61.59
0.00
0.00
0.00
68.97
0.00
0.00
0.00
56.98
0.00
0.00
0.00
58.17
0.00
0.00
0.00
52.21
0.00
0.00
0.00
55.57
0.00
0.00
0.00
64.16
0.00
0.00
0.00
70.04
0.00
0.00
0.00
69.30
0.00
0.00
0.00
48.16
0.00
0.00
0.00
59.63
0.00
0.00
0.00
60.95
0.00
0.00
0.00
65.44
0.00
0.00
0.00
69.43
0.00
0.00
0.00
67.31
0.00
0.00
0.00
51.15
0.00
0.00
0.00
67.76
0.00
0.00
0.00
65.60
0.00
0.00
0.00
61.42
0.00
0.00
0.00
59.74
0.00
0.00
0.00
57.30
0.00
0.00
0.00
61.80
0.00
0.00
0.00
62.50
0.00
0.00
0.00
60.34
0.00
0.00
0.00
61.50
0.00
0.00
0.00
47.45
0.00
0.00
0.00
58.47
0.00
0.00
0.00
55.46
0.00
0.00
0.00
65.12
0.00
0.00
0.00
58.81
0.00
0.00
0.00
65.82
0.00
0.00
0.00
65.71
0.00
0.00
0.00
56.39
0.00
0.00
0.00
61.53
0.00
0.00
0.00
69.56
0.00
0.00
0.00
58.45
0.00
0.00
0.00
64.01
0.00
0.00
0.00
51.88
0.00
0.00
0.00
57.57
0.00
0.00
0.00
58.63
0.00
0.00
0.00
46.03
0.00
0.00
0.00
56.17
0.00
0.00
0.00
55.75
0.00
0.00
0.00
58.56
0.00
0.00
0.00
57.49
0.00
0.00
0.00
67.86
0.00
0.00
0.00
53.93
0.00
0.00
0.00
55.58
0.00
0.00
0.00
82.59
0.00
0.00
0.00
60.08
0.00
0.00
0.00
64.96
0.00
0.00
0.00
60.70
0.00
0.00
0.00
50.68
0.00
0.00
0.00
61.84
0.00
0.00
0.00
56.69
0.00
0.00
0.00
55.98
0.00
0.00
0.00
56.83
0.00
0.00
0.00
66.74
0.00
0.00
0.00
57.76
0.00
0.00
0.00
62.37
0.00
0.00
0.00
67.53
0.00
0.00
0.00
57.49
0.00
0.00
0.00
59.94
0.00
0.00
0.00
53.41
0.00
0.00
0.00
66.02
0.00
0.00
0.00
67.70
0.00
0.00
0.00
63.33
0.00
0.00
0.00
66.65
0.00
0.00
0.00
61.29
0.00
0.00
0.00
61.44
0.00
0.00
0.00
40.98
0.00
0.00
0.00
65.63
0.00
0.00
0.00
58.75
0.00
0.00
0.00
67.21
0.00
0.00
0.00
59.49
0.00
0.00
0.00
59.44
0.00
0.00
0.00
57.02
0.00
0.00
0.00
61.02
0.00
0.00
0.00
64.75
0.00
0.00
0.00
64.19
0.00
0.00
0.00
46.16
0.00
0.00
0.00
51.67
0.00
0.00
0.00
55.94
0.00
0.00
0.00
55.56
0.00
0.00
0.00
54.62
0.00
0.00
0.00
57.78
0.00
0.00
0.00
66.56
0.00
0.00
0.00
60.20
0.00
0.00
0.00
64.44
0.00
0.00
0.00
62.09
0.00
0.00
0.00
62.65
0.00
0.00
0.00
63.68
0.00
0.00
0.00
51.42
0.00
0.00
0.00
58.02
0.00
0.00
0.00
60.15
0.00
0.00
0.00
62.51
0.00
0.00
0.00
64.74
0.00
0.00
0.00
96.24
0.00
0.00
0.00
67.32
0.00
0.00
0.00
56.40
0.00
0.00
0.00
71.70
0.00
0.00
0.00
50.37
0.00
0.00
0.00
54.95
0.00
0.00
0.00
60.72
0.00
0.00
0.00
62.69
0.00
0.00
0.00
57.09
0.00
0.00
0.00
54.82
0.00
0.00
0.00
64.10
0.00
0.00
0.00
62.55
0.00
0.00
0.00
59.86
0.00
0.00
0.00
80.77
0.00
0.00
0.00
57.71
0.00
0.00
0.00
68.58
0.00
0.00
0.00
55.50
0.00
0.00
0.00
59.78
0.00
0.00
0.00
62.66
0.00
0.00
0.00
51.14
0.00
0.00
0.00
66.32
0.00
0.00
0.00
54.33
0.00
0.00
0.00
52.02
0.00
0.00
0.00
61.44
0.00
0.00
0.00
56.21
0.00
0.00
0.00
49.86
0.00
0.00
0.00
61.42
0.00
0.00
0.00
55.21
0.00
0.00
0.00
65.95
0.00
0.00
0.00
56.19
0.00
0.00
0.00
53.65
0.00
0.00
0.00
62.02
0.00
0.00
0.00
48.21
0.00
0.00
0.00
57.14
0.00
0.00
0.00
61.18
0.00
0.00
0.00
65.87
0.00
0.00
0.00
59.99
0.00
0.00
0.00
58.16
0.00
0.00
0.00
62.13
0.00
0.00
0.00
0.00
0.00
0.00
0.00
17.87
0.00
0.00
0.00
15.89
0.00
0.00
0.00
0.00
0.00
0.00
0.00
0.00
0.00
0.00
0.00
0.00
0.00
0.00
0.00
0.00
0.00
0.00
0.00
0.00
0.00
0.00
0.00
0.00
0.00
0.00
0.00
0.00
0.00
0.00
0.00
0.00
0.00
0.00
0.00
0.00
0.00
0.00
0.00
0.00
0.00
0.00
0.00
0.00
0.00
0.00
0.00
0.00
0.00
0.00
0.00
0.00
0.00
0.00
0.00
0.00
0.00
0.00
0.00
0.00
0.00
0.00
0.00
0.00
0.00
0.00
0.00
0.00
0.00
0.00
0.00
0.00
0.00
0.00
0.00
0.00
0.00
0.00
0.00
0.00
0.00
0.00
0.00
0.00
0.00
0.00
0.00
0.00
0.00
0.00
0.00
0.00
0.00
0.00
0.00
0.00
0.00
0.00
0.00
0.00
0.00
0.00
0.00
0.00
0.00
0.00
0.00
0.00
0.00
0.00
0.00
0.00
0.00
0.00
0.00
0.00
0.00
0.00
0.00
0.00
0.00
0.00
0.00
0.00
0.00
0.00
0.00
0.00
0.00
0.00
0.00
0.00
0.00
0.00
0.00
0.00
0.00
0.00
0.00
0.00
0.00
0.00
0.00
0.00
0.00
0.00
0.00
0.00
0.00
0.00
0.00
0.00
0.00
0.00
0.00
0.00
0.00
0.00
0.00
0.00
0.00
0.00
0.00
0.00
0.00
0.00
0.00
0.00
0.00
0.00
0.00
0.00
0.00
0.00
0.00
0.00
0.00
0.00
0.00
0.00
0.00
0.00
0.00
0.00
0.00
0.00
0.00
0.00
0.00
0.00
0.00
0.00
0.00
0.00
0.00
0.00
0.00
0.00
0.00
0.00
0.00
0.00
0.00
0.00
0.00
0.00
0.00
0.00
0.00
0.00
0.00
0.00
0.00
0.00
0.00
0.00
0.00
0.00
0.00
0.00
0.00
0.00
0.00
0.00
0.00
0.00
0.00
0.00
0.00
0.00
0.00
0.00
0.00
0.00
0.00
0.00
0.00
0.00
0.00
0.00
0.00
0.00
0.00
0.00
0.00
0.00
0.00
0.00
0.00
0.00
0.00
0.00
0.00
0.00
0.00
0.00
0.00
0.00
0.00
0.00
0.00
0.00
0.00
0.00
0.00
0.00
0.00
0.00
0.00
0.00
0.00
0.00
0.00
0.00
0.00
0.00
0.00
0.00
0.00
0.00
0.00
0.00
0.00
0.00
0.00
0.00
0.00
0.00
0.00
0.00
0.00
0.00
0.00
0.00
0.00
0.00
0.00
0.00
0.00
0.00
0.00
0.00
0.00
0.00
0.00
0.00
0.00
0.00
0.00
0.00
0.00
0.00
0.00
0.00
0.00
0.00
0.00
0.00
0.00
0.00
0.00
0.00
0.00
0.00
0.00
0.00
0.00
0.00
0.00
0.00
0.00
0.00
0.00
0.00
0.00
0.00
0.00
0.00
0.00
0.00
0.00
0.00
0.00
0.00
0.00
0.00
0.00
0.00
60.60
0.00
0.00
0.00
0.00
0.00
0.00
0.00
0.00
0.00
0.00
0.00
0.00
0.00
0.00
0.00
0.00
0.00
0.00
0.00
0.00
0.00
0.00
0.00
0.00
0.00
0.00
0.00
0.00
0.00
0.00
0.00
0.00
0.00
0.00
0.00
30.10
0.00
0.00
0.00
0.00
0.00
0.00
0.00
0.00
0.00
0.00
0.00
0.00
0.00
0.00
0.00
0.00
0.00
0.00
0.00
0.00
0.00
0.00
0.00
0.00
0.00
0.00
0.00
0.00
0.00
0.00
0.00
0.00
0.00
0.00
0.00
0.00
0.00
0.00
0.00
0.00
0.00
0.00
0.00
0.00
0.00
0.00
0.00
0.00
0.00
