0.00
0.00
0.00
0.00
0.00
0.00
0.00
0.00
0.00
0.00
0.00
0.00
0.00
0.00
0.00
0.00
0.00
0.00
0.00
0.00
0.00
0.00
0.00
0.00
0.00
0.00
0.00
0.00
0.00
0.00
0.00
0.00
0.00
0.00
0.00
0.00
0.00
0.00
0.00
0.00
0.00
0.00
0.00
0.00
0.00
0.00
0.00
0.00
0.00
0.00
0.00
0.00
0.00
0.00
0.00
0.00
0.00
0.00
0.00
0.00
0.00
0.00
0.00
0.00
0.00
0.00
0.00
0.00
0.00
0.00
0.00
0.00
0.00
0.00
0.00
0.00
0.00
0.00
0.00
0.00
0.00
63.75
0.00
0.00
0.00
55.64
0.00
0.00
0.00
63.07
0.00
0.00
0.00
73.24
0.00
0.00
0.00
65.26
0.00
0.00
0.00
73.22
0.00
0.00
0.00
62.80
0.00
0.00
0.00
71.89
0.00
0.00
0.00
65.02
0.00
0.00
0.00
60.78
0.00
0.00
0.00
66.20
0.00
0.00
0.00
63.17
0.00
0.00
0.00
66.87
0.00
0.00
0.00
64.93
0.00
0.00
0.00
67.64
0.00
0.00
0.00
70.42
0.00
0.00
0.00
62.72
0.00
0.00
0.00
63.21
0.00
0.00
0.00
69.02
0.00
0.00
0.00
57.63
0.00
0.00
0.00
64.88
0.00
0.00
0.00
65.73
0.00
0.00
0.00
60.66
0.00
0.00
0.00
62.25
0.00
0.00
0.00
68.44
0.00
0.00
0.00
61.33
0.00
0.00
0.00
50.88
0.00
0.00
0.00
50.53
0.00
0.00
0.00
64.53
0.00
0.00
0.00
62.44
0.00
0.00
0.00
56.17
0.00
0.00
0.00
66.17
0.00
0.00
0.00
64.49
0.00
0.00
0.00
61.46
0.00
0.00
0.00
67.00
0.00
0.00
0.00
55.60
0.00
0.00
0.00
57.50
0.00
0.00
0.00
73.72
0.00
0.00
0.00
70.58
0.00
0.00
0.00
63.30
0.00
0.00
0.00
55.57
0.00
0.00
0.00
70.07
0.00
0.00
0.00
68.48
0.00
0.00
0.00
60.37
0.00
0.00
0.00
71.43
0.00
0.00
0.00
56.53
0.00
0.00
0.00
55.28
0.00
0.00
0.00
65.84
0.00
0.00
0.00
64.69
0.00
0.00
0.00
57.22
0.00
0.00
0.00
62.44
0.00
0.00
0.00
57.67
0.00
0.00
0.00
60.86
0.00
0.00
0.00
69.00
0.00
0.00
0.00
64.57
0.00
0.00
0.00
62.95
0.00
0.00
0.00
64.56
0.00
0.00
0.00
58.82
0.00
0.00
0.00
58.32
0.00
0.00
0.00
66.14
0.00
0.00
0.00
67.18
0.00
0.00
0.00
73.52
0.00
0.00
0.00
60.99
0.00
0.00
0.00
55.34
0.00
0.00
0.00
57.07
0.00
0.00
0.00
59.58
0.00
0.00
0.00
62.84
0.00
0.00
0.00
63.92
0.00
0.00
0.00
57.08
0.00
0.00
0.00
67.23
0.00
0.00
0.00
60.54
0.00
0.00
0.00
58.29
0.00
0.00
0.00
50.95
0.00
0.00
0.00
57.31
0.00
0.00
0.00
51.68
0.00
0.00
0.00
61.53
0.00
0.00
0.00
69.38
0.00
0.00
0.00
63.01
0.00
0.00
0.00
65.03
0.00
0.00
0.00
60.14
0.00
0.00
0.00
59.19
0.00
0.00
0.00
49.37
0.00
0.00
0.00
73.58
0.00
0.00
0.00
64.77
0.00
0.00
0.00
74.00
0.00
0.00
0.00
63.46
0.00
0.00
0.00
64.60
0.00
0.00
0.00
65.72
0.00
0.00
0.00
65.45
0.00
0.00
0.00
58.61
0.00
0.00
0.00
47.07
0.00
0.00
0.00
0.00
0.00
0.00
0.00
99.99
0.00
0.00
0.00
0.00
0.00
0.00
0.00
0.00
0.00
0.00
0.00
68.62
0.00
0.00
0.00
99.99
0.00
0.00
0.00
54.17
0.00
0.00
0.00
54.30
0.00
0.00
0.00
56.63
0.00
0.00
0.00
57.67
0.00
0.00
0.00
49.00
0.00
0.00
0.00
57.21
0.00
0.00
0.00
63.13
0.00
0.00
0.00
66.09
0.00
0.00
0.00
66.65
0.00
0.00
0.00
65.30
0.00
0.00
0.00
76.78
0.00
0.00
0.00
55.67
0.00
0.00
0.00
69.22
0.00
0.00
0.00
57.24
0.00
0.00
0.00
52.66
0.00
0.00
0.00
65.65
0.00
0.00
0.00
43.35
0.00
0.00
0.00
61.43
0.00
0.00
0.00
64.25
0.00
0.00
0.00
65.80
0.00
0.00
0.00
76.01
16.68
0.00
0.00
58.40
0.00
0.00
0.00
60.39
0.00
0.00
0.00
64.21
0.00
0.00
0.00
59.03
0.00
0.00
0.00
60.22
0.00
0.00
0.00
64.41
0.00
0.00
0.00
57.28
0.00
0.00
0.00
54.01
0.00
0.00
0.00
65.70
0.00
0.00
0.00
58.91
0.00
0.00
0.00
56.67
0.00
0.00
0.00
64.05
0.00
0.00
0.00
0.00
0.00
0.00
0.00
0.00
0.00
0.00
0.00
53.16
0.00
0.00
0.00
55.88
0.00
0.00
0.00
62.22
0.00
0.00
0.00
55.48
0.00
0.00
0.00
53.40
0.00
0.00
0.00
57.41
0.00
0.00
0.00
61.33
0.00
0.00
0.00
55.29
0.00
0.00
0.00
57.94
0.00
0.00
0.00
57.25
0.00
0.00
0.00
68.72
0.00
0.00
0.00
61.81
0.00
0.00
0.00
62.13
0.00
0.00
0.00
46.67
0.00
0.00
0.00
82.28
0.00
0.00
0.00
99.99
0.00
0.00
0.00
34.39
0.00
0.00
0.00
0.00
0.00
0.00
0.00
57.04
0.00
0.00
0.00
53.82
0.00
0.00
0.00
57.33
0.00
0.00
0.00
50.76
0.00
0.00
0.00
65.37
0.00
0.00
0.00
52.83
0.00
0.00
0.00
61.85
0.00
0.00
0.00
56.17
0.00
0.00
0.00
67.29
0.00
0.00
0.00
61.97
0.00
0.00
0.00
70.02
0.00
0.00
0.00
61.60
0.00
0.00
0.00
53.32
0.00
0.00
0.00
57.52
0.00
0.00
0.00
56.84
0.00
0.00
0.00
56.02
0.00
0.00
0.00
52.23
0.00
0.00
0.00
71.98
0.00
0.00
0.00
67.35
0.00
0.00
0.00
57.31
0.00
0.00
0.00
51.85
0.00
0.00
0.00
64.93
0.00
0.00
0.00
61.04
0.00
0.00
0.00
58.73
0.00
0.00
0.00
60.15
0.00
0.00
0.00
67.21
0.00
0.00
0.00
59.65
0.00
0.00
0.00
68.37
0.00
0.00
0.00
60.14
0.00
0.00
0.00
63.39
0.00
0.00
0.00
74.90
0.00
0.00
0.00
63.69
0.00
0.00
0.00
63.42
0.00
0.00
0.00
58.05
0.00
0.00
0.00
64.87
0.00
0.00
0.00
62.80
0.00
0.00
0.00
73.46
0.00
0.00
0.00
63.54
0.00
0.00
0.00
56.68
0.00
0.00
0.00
61.05
0.00
0.00
0.00
67.15
0.00
0.00
0.00
57.82
0.00
0.00
0.00
58.59
0.00
0.00
0.00
50.93
0.00
0.00
0.00
53.66
0.00
0.00
0.00
63.55
0.00
0.00
0.00
64.83
0.00
0.00
0.00
65.05
0.00
0.00
0.00
66.02
0.00
0.00
0.00
56.83
0.00
0.00
0.00
56.83
0.00
0.00
0.00
73.12
0.00
0.00
0.00
61.65
0.00
0.00
0.00
60.37
0.00
0.00
0.00
55.75
0.00
0.00
0.00
66.06
0.00
0.00
0.00
62.34
0.00
0.00
0.00
62.48
0.00
0.00
0.00
63.51
0.00
0.00
0.00
54.68
0.00
0.00
0.00
66.61
0.00
0.00
0.00
78.03
0.00
0.00
0.00
62.44
0.00
0.00
0.00
71.66
0.00
0.00
0.00
64.64
0.00
0.00
0.00
59.87
0.00
0.00
0.00
90.07
0.00
0.00
0.00
64.14
0.00
0.00
0.00
69.59
0.00
0.00
0.00
70.73
0.00
0.00
0.00
57.79
0.00
0.00
0.00
69.67
0.00
0.00
0.00
50.38
0.00
0.00
0.00
67.70
0.00
0.00
0.00
56.98
0.00
0.00
0.00
61.61
0.00
0.00
0.00
59.31
0.00
0.00
0.00
58.78
0.00
0.00
0.00
63.22
0.00
0.00
0.00
64.30
0.00
0.00
0.00
57.90
0.00
0.00
0.00
67.43
0.00
0.00
0.00
59.10
0.00
0.00
0.00
57.63
0.00
0.00
0.00
71.32
0.00
0.00
0.00
67.01
0.00
0.00
0.00
60.36
0.00
0.00
0.00
59.61
0.00
0.00
0.00
62.28
0.00
0.00
0.00
54.49
0.00
0.00
0.00
72.20
0.00
0.00
0.00
62.67
0.00
0.00
0.00
57.78
0.00
0.00
0.00
58.08
0.00
0.00
0.00
56.23
0.00
0.00
0.00
56.19
0.00
0.00
0.00
59.11
0.00
0.00
0.00
59.39
0.00
0.00
0.00
24.54
0.00
0.00
0.00
0.00
0.00
0.00
0.00
99.99
0.00
0.00
0.00
72.35
0.00
0.00
0.00
37.69
0.00
0.00
0.00
0.00
0.00
0.00
0.00
0.00
0.00
0.00
0.00
0.00
0.00
0.00
0.00
0.00
0.00
0.00
0.00
0.00
0.00
0.00
0.00
0.00
0.00
0.00
0.00
81.30
0.00
0.00
0.00
53.17
0.00
0.00
0.00
61.50
0.00
0.00
0.00
64.24
0.00
0.00
0.00
54.60
0.00
0.00
0.00
55.57
0.00
0.00
0.00
99.99
0.00
0.00
0.00
71.75
0.00
0.00
0.00
55.99
0.00
0.00
0.00
59.65
0.00
0.00
0.00
66.81
0.00
0.00
0.00
56.21
0.00
0.00
0.00
63.18
0.00
0.00
0.00
63.16
0.00
0.00
0.00
52.91
0.00
0.00
0.00
61.32
0.00
0.00
0.00
59.47
0.00
0.00
0.00
61.61
0.00
0.00
0.00
54.06
0.00
0.00
0.00
50.58
0.00
0.00
0.00
66.00
0.00
0.00
0.00
67.97
0.00
0.00
0.00
67.30
0.00
0.00
0.00
68.06
0.00
0.00
0.00
61.02
0.00
0.00
0.00
56.84
0.00
0.00
0.00
57.05
0.00
0.00
0.00
63.33
0.00
0.00
0.00
60.85
0.00
0.00
0.00
53.32
0.00
0.00
0.00
52.81
0.00
0.00
0.00
51.83
0.00
0.00
0.00
55.31
0.00
0.00
0.00
59.98
0.00
0.00
0.00
60.57
0.00
0.00
0.00
63.01
0.00
0.00
0.00
54.80
0.00
0.00
0.00
61.83
0.00
0.00
0.00
65.47
0.00
0.00
0.00
64.41
0.00
0.00
0.00
59.09
0.00
0.00
0.00
56.27
0.00
0.00
0.00
61.25
0.00
0.00
0.00
56.50
0.00
0.00
0.00
60.67
0.00
0.00
0.00
59.74
0.00
0.00
0.00
51.18
0.00
0.00
0.00
68.95
0.00
0.00
0.00
53.51
0.00
0.00
0.00
0.00
0.00
0.00
0.00
38.19
0.00
0.00
0.00
59.42
0.00
0.00
0.00
0.00
0.00
0.00
0.00
0.00
0.00
0.00
0.00
0.00
0.00
0.00
0.00
99.99
0.00
0.00
0.00
99.99
0.00
0.00
0.00
10.92
0.00
0.00
0.00
66.41
0.00
0.00
0.00
59.39
0.00
0.00
0.00
59.91
0.00
0.00
0.00
61.64
0.00
0.00
0.00
60.82
0.00
0.00
0.00
54.93
0.00
0.00
0.00
68.40
0.00
0.00
0.00
54.55
0.00
0.00
0.00
56.84
0.00
0.00
0.00
64.11
0.00
0.00
0.00
54.48
0.00
0.00
0.00
49.13
0.00
0.00
0.00
60.53
0.00
0.00
0.00
62.40
0.00
0.00
0.00
58.34
0.00
0.00
0.00
62.22
0.00
0.00
0.00
64.63
0.00
0.00
0.00
54.41
0.00
0.00
0.00
76.71
0.00
0.00
0.00
60.47
0.00
0.00
0.00
56.98
0.00
0.00
0.00
64.31
0.00
0.00
0.00
59.20
0.00
0.00
0.00
66.42
0.00
0.00
0.00
66.98
0.00
0.00
0.00
70.82
0.00
0.00
0.00
55.48
0.00
0.00
0.00
57.45
0.00
0.00
0.00
67.09
0.00
0.00
0.00
59.66
0.00
0.00
0.00
59.79
0.00
0.00
0.00
58.58
0.00
0.00
0.00
68.77
0.00
0.00
0.00
66.51
0.00
0.00
0.00
53.84
0.00
0.00
0.00
58.19
0.00
0.00
0.00
57.75
0.00
0.00
0.00
57.51
0.00
0.00
0.00
52.02
0.00
0.00
0.00
56.66
0.00
0.00
0.00
67.75
0.00
0.00
0.00
59.78
0.00
0.00
0.00
63.15
0.00
0.00
0.00
59.51
0.00
0.00
0.00
57.16
0.00
0.00
0.00
56.84
0.00
0.00
0.00
69.45
0.00
0.00
0.00
70.63
0.00
0.00
0.00
67.35
0.00
0.00
0.00
52.63
0.00
0.00
0.00
59.54
0.00
0.00
0.00
64.01
0.00
0.00
0.00
58.09
0.00
0.00
0.00
62.91
0.00
0.00
0.00
63.71
0.00
0.00
0.00
67.56
0.00
0.00
0.00
61.96
0.00
0.00
0.00
61.35
0.00
0.00
0.00
8.77
0.00
0.00
0.00
0.00
0.00
0.00
0.00
0.00
0.00
0.00
0.00
0.00
0.00
0.00
0.00
0.00
0.00
0.00
0.00
0.00
0.00
0.00
0.00
0.00
0.00
0.00
0.00
0.00
0.00
0.00
0.00
0.00
0.00
0.00
0.00
0.00
0.00
0.00
0.00
0.00
0.00
0.00
0.00
0.00
0.00
0.00
0.00
0.00
0.00
0.00
0.00
0.00
0.00
0.00
0.00
0.00
0.00
0.00
0.00
0.00
0.00
0.00
0.00
0.00
0.00
0.00
0.00
0.00
0.00
0.00
0.00
0.00
0.00
0.00
0.00
0.00
0.00
0.00
0.00
0.00
0.00
0.00
0.00
0.00
0.00
0.00
0.00
0.00
0.00
0.00
0.00
0.00
0.00
0.00
0.00
0.00
0.00
0.00
0.00
0.00
0.00
0.00
0.00
0.00
0.00
0.00
0.00
0.00
0.00
0.00
0.00
0.00
0.00
0.00
0.00
0.00
0.00
0.00
0.00
0.00
0.00
0.00
0.00
0.00
0.00
0.00
0.00
0.00
0.00
0.00
0.00
0.00
0.00
0.00
0.00
0.00
0.00
0.00
0.00
0.00
0.00
0.00
0.00
0.00
0.00
0.00
0.00
0.00
0.00
0.00
0.00
0.00
0.00
0.00
0.00
0.00
0.00
0.00
0.00
0.00
0.00
0.00
0.00
0.00
0.00
0.00
0.00
0.00
0.00
0.00
0.00
0.00
0.00
0.00
0.00
0.00
0.00
0.00
0.00
0.00
0.00
0.00
0.00
0.00
0.00
0.00
0.00
0.00
0.00
0.00
0.00
0.00
0.00
0.00
0.00
0.00
0.00
0.00
0.00
0.00
0.00
0.00
0.00
0.00
0.00
0.00
0.00
0.00
0.00
0.00
0.00
0.00
0.00
0.00
0.00
0.00
0.00
0.00
0.00
0.00
0.00
0.00
0.00
0.00
0.00
0.00
0.00
0.00
0.00
0.00
0.00
0.00
0.00
0.00
0.00
0.00
0.00
0.00
0.00
0.00
0.00
0.00
0.00
0.00
0.00
0.00
0.00
0.00
0.00
0.00
0.00
0.00
0.00
0.00
0.00
0.00
0.00
0.00
0.00
0.00
0.00
0.00
0.00
0.00
0.00
0.00
0.00
0.00
0.00
0.00
0.00
0.00
0.00
0.00
0.00
0.00
0.00
0.00
0.00
0.00
0.00
0.00
0.00
0.00
0.00
0.00
0.00
0.00
0.00
0.00
0.00
0.00
0.00
0.00
0.00
0.00
0.00
0.00
0.00
0.00
0.00
0.00
0.00
23.43
9.52
0.00
0.00
0.00
0.00
0.00
0.00
0.00
0.00
0.00
0.00
0.00
0.00
0.00
0.00
0.00
0.00
0.00
0.00
0.00
0.00
0.00
0.00
0.00
0.00
0.00
0.00
0.00
0.00
0.00
0.00
0.00
0.00
0.00
0.00
0.00
0.00
0.00
0.00
0.00
0.00
0.00
0.00
0.00
0.00
0.00
0.00
0.00
0.00
0.00
0.00
0.00
0.00
0.00
0.00
0.00
0.00
0.00
0.00
0.00
0.00
0.00
0.00
0.00
0.00
0.00
0.00
0.00
0.00
0.00
0.00
0.00
0.00
0.00
0.00
0.00
0.00
0.00
0.00
0.00
0.00
0.00
0.00
0.00
0.00
0.00
0.00
0.00
0.00
0.00
0.00
0.00
0.00
0.00
0.00
0.00
0.00
0.00
0.00
0.00
0.00
0.00
0.00
0.00
0.00
0.00
0.00
0.00
0.00
0.00
0.00
0.00
0.00
0.00
0.00
0.00
0.00
0.00
0.00
0.00
0.00
0.00
0.00
0.00
0.00
0.00
0.00
0.00
0.00
0.00
0.00
0.00
0.00
0.00
0.00
0.00
0.00
0.00
0.00
0.00
0.00
0.00
0.00
0.00
0.00
0.00
0.00
0.00
0.00
0.00
0.00
0.00
0.00
0.00
0.00
0.00
0.00
0.00
0.00
0.00
0.00
0.00
0.00
0.00
0.00
0.00
0.00
0.00
0.00
0.00
0.00
0.00
0.00
0.00
0.00
0.00
0.00
0.00
0.00
0.00
0.00
0.00
0.00
0.00
0.00
0.00
0.00
0.00
0.00
0.00
0.00
0.00
0.00
0.00
0.00
0.00
0.00
0.00
0.00
0.00
0.00
0.00
0.00
0.00
0.00
0.00
0.00
0.00
0.00
0.00
0.00
0.00
0.00
0.00
0.00
0.00
0.00
0.00
0.00
0.00
0.00
0.00
0.00
0.00
0.00
0.00
0.00
0.00
0.00
0.00
0.00
0.00
0.00
0.00
0.00
0.00
0.00
0.00
0.00
0.00
0.00
0.00
0.00
0.00
0.00
0.00
0.00
0.00
0.00
0.00
0.00
0.00
0.00
8.21
0.00
0.00
0.00
18.04
0.00
0.00
0.00
0.00
0.00
0.00
0.00
0.00
0.00
0.00
0.00
0.00
0.00
0.00
0.00
0.00
0.00
0.00
0.00
27.53
0.00
0.00
0.00
0.00
0.00
0.00
0.00
0.00
0.00
0.00
0.00
0.00
0.00
0.00
0.00
0.00
0.00
0.00
