0.00
0.00
0.00
0.00
0.00
0.00
0.00
0.00
0.00
0.00
0.00
0.00
0.00
0.00
0.00
0.00
0.00
0.00
0.00
0.00
0.00
0.00
0.00
0.00
0.00
0.00
0.00
0.00
0.00
0.00
0.00
0.00
0.00
0.00
0.00
0.00
0.00
0.00
0.00
0.00
0.00
0.00
0.00
0.00
0.00
0.00
0.00
0.00
0.00
0.00
0.00
0.00
0.00
0.00
0.00
0.00
0.00
0.00
0.00
0.00
0.00
0.00
0.00
0.00
0.00
0.00
0.00
0.00
0.00
0.00
0.00
0.00
0.00
0.00
0.00
0.00
0.00
0.00
0.00
0.00
0.00
0.00
0.00
0.00
59.81
0.00
0.00
0.00
41.81
0.00
0.00
0.00
62.35
0.00
0.00
0.00
72.53
0.00
0.00
0.00
57.55
0.00
0.00
0.00
66.76
0.00
0.00
0.00
59.93
0.00
0.00
0.00
61.69
0.00
0.00
0.00
54.57
0.00
0.00
0.00
70.14
0.00
0.00
0.00
54.17
0.00
0.00
0.00
61.62
0.00
0.00
0.00
61.40
0.00
0.00
0.00
60.57
0.00
0.00
0.00
58.92
0.00
0.00
0.00
65.72
0.00
0.00
0.00
63.17
0.00
0.00
0.00
65.76
0.00
0.00
0.00
64.58
0.00
0.00
0.00
71.07
0.00
0.00
0.00
59.70
0.00
0.00
0.00
57.73
0.00
0.00
0.00
56.57
0.00
0.00
0.00
63.52
0.00
0.00
0.00
58.66
0.00
0.00
0.00
53.29
0.00
0.00
0.00
74.41
0.00
0.00
0.00
61.99
0.00
0.00
0.00
60.06
0.00
0.00
0.00
67.58
0.00
0.00
0.00
60.62
0.00
0.00
0.00
56.46
0.00
0.00
0.00
59.42
0.00
0.00
0.00
60.90
0.00
0.00
0.00
61.31
0.00
0.00
0.00
49.28
0.00
0.00
0.00
67.19
0.00
0.00
0.00
57.10
0.00
0.00
0.00
51.06
0.00
0.00
0.00
69.18
0.00
0.00
0.00
63.61
0.00
0.00
0.00
64.71
0.00
0.00
0.00
61.00
0.00
0.00
0.00
68.17
0.00
0.00
0.00
61.36
0.00
0.00
0.00
61.40
0.00
0.00
0.00
62.29
0.00
0.00
0.00
70.13
0.00
0.00
0.00
66.21
0.00
0.00
0.00
50.66
0.00
0.00
0.00
59.43
0.00
0.00
0.00
70.67
0.00
0.00
0.00
58.51
0.00
0.00
0.00
59.43
0.00
0.00
0.00
63.93
0.00
0.00
0.00
65.43
0.00
0.00
0.00
59.56
0.00
0.00
0.00
69.70
0.00
0.00
0.00
55.35
0.00
0.00
0.00
63.87
0.00
0.00
0.00
53.56
0.00
0.00
0.00
59.73
0.00
0.00
0.00
77.86
0.00
0.00
0.00
65.17
0.00
0.00
0.00
65.43
0.00
0.00
0.00
69.79
0.00
0.00
0.00
55.99
0.00
0.00
0.00
66.54
0.00
0.00
0.00
51.07
0.00
0.00
0.00
72.05
0.00
0.00
0.00
57.45
0.00
0.00
0.00
66.96
0.00
0.00
0.00
83.20
0.00
0.00
0.00
56.99
0.00
0.00
0.00
66.67
0.00
0.00
0.00
69.03
0.00
0.00
0.00
58.92
0.00
0.00
0.00
58.55
0.00
0.00
0.00
57.80
0.00
0.00
0.00
67.11
0.00
0.00
0.00
61.59
0.00
0.00
0.00
66.14
0.00
0.00
0.00
50.40
0.00
0.00
0.00
69.29
0.00
0.00
0.00
58.83
0.00
0.00
0.00
61.24
0.00
0.00
0.00
68.79
0.00
0.00
0.00
62.30
0.00
0.00
0.00
74.86
0.00
0.00
0.00
68.06
0.00
0.00
0.00
7.44
0.00
0.00
0.00
0.00
0.00
0.00
0.00
0.00
0.00
0.00
0.00
0.00
0.00
0.00
0.00
0.00
0.00
0.00
0.00
0.00
0.00
0.00
0.00
63.39
0.00
0.00
0.00
55.84
0.00
0.00
0.00
58.24
0.00
0.00
0.00
53.50
0.00
0.00
0.00
64.01
0.00
0.00
0.00
65.98
0.00
0.00
0.00
66.39
0.00
0.00
0.00
70.95
0.00
0.00
0.00
62.11
0.00
0.00
0.00
62.08
0.00
0.00
0.00
64.53
0.00
0.00
0.00
55.45
0.00
0.00
0.00
75.07
0.00
0.00
0.00
52.39
0.00
0.00
0.00
70.43
0.00
0.00
0.00
60.73
0.00
0.00
0.00
63.02
0.00
0.00
0.00
65.49
0.00
0.00
0.00
64.96
0.00
0.00
0.00
56.97
0.00
0.00
0.00
63.72
0.00
0.00
0.00
99.99
0.00
0.00
0.00
70.23
0.00
0.00
0.00
66.00
0.00
0.00
0.00
57.41
0.00
0.00
0.00
56.52
0.00
0.00
0.00
61.29
0.00
0.00
0.00
67.12
0.00
0.00
0.00
52.97
0.00
0.00
0.00
54.14
0.00
0.00
0.00
66.51
0.00
0.00
0.00
55.50
0.00
0.00
0.00
66.97
0.00
0.00
0.00
67.73
0.00
0.00
0.00
57.84
0.00
0.00
0.00
55.70
0.00
0.00
0.00
64.76
0.00
0.00
0.00
60.27
0.00
0.00
0.00
50.51
0.00
0.00
0.00
58.19
0.00
0.00
0.00
82.91
0.00
0.00
0.00
58.72
0.00
0.00
0.00
73.26
0.00
0.00
0.00
64.64
0.00
0.00
0.00
60.35
0.00
0.00
0.00
58.96
0.00
0.00
0.00
67.51
0.00
0.00
0.00
58.26
0.00
0.00
0.00
63.16
0.00
0.00
0.00
52.32
0.00
0.00
0.00
0.00
0.00
0.00
0.00
67.85
0.00
0.00
0.00
0.00
0.00
0.00
0.00
99.24
0.00
0.00
0.00
98.51
0.00
0.00
0.00
90.30
0.00
0.00
0.00
38.24
0.00
0.00
0.00
57.68
0.00
0.00
0.00
64.22
0.00
0.00
0.00
64.68
0.00
0.00
0.00
58.70
0.00
0.00
0.00
58.68
0.00
0.00
0.00
62.53
0.00
0.00
0.00
65.63
0.00
0.00
0.00
54.24
0.00
0.00
0.00
54.98
0.00
0.00
0.00
58.91
0.00
0.00
0.00
64.74
0.00
0.00
0.00
66.06
0.00
0.00
0.00
64.84
0.00
0.00
0.00
2.65
0.00
0.00
0.00
70.57
0.00
0.00
0.00
75.83
0.00
0.00
0.00
62.87
0.00
0.00
0.00
68.45
0.00
0.00
0.00
65.13
0.00
0.00
0.00
62.17
0.00
0.00
0.00
57.30
0.00
0.00
0.00
63.53
0.00
0.00
0.00
61.67
0.00
0.00
0.00
57.81
0.00
0.00
0.00
62.53
0.00
0.00
0.00
57.89
0.00
0.00
0.00
58.73
0.00
0.00
0.00
56.97
0.00
0.00
0.00
59.25
0.00
0.00
0.00
54.53
0.00
0.00
0.00
68.26
0.00
0.00
0.00
53.88
0.00
0.00
0.00
57.37
0.00
0.00
0.00
62.24
0.00
0.00
0.00
66.94
0.00
0.00
0.00
58.67
0.00
0.00
0.00
58.72
0.00
0.00
0.00
51.98
0.00
0.00
0.00
56.68
0.00
0.00
0.00
65.19
0.00
0.00
0.00
66.26
0.00
0.00
0.00
62.11
0.00
0.00
0.00
65.13
0.00
0.00
0.00
67.75
0.00
0.00
0.00
68.23
0.00
0.00
0.00
58.68
0.00
0.00
0.00
73.62
0.00
0.00
0.00
53.79
0.00
0.00
0.00
85.04
0.00
0.00
0.00
62.64
0.00
0.00
0.00
59.55
0.00
0.00
0.00
57.97
0.00
0.00
0.00
65.04
0.00
0.00
0.00
66.24
0.00
0.00
0.00
59.61
0.00
0.00
0.00
53.34
0.00
0.00
0.00
51.95
0.00
0.00
0.00
59.86
0.00
0.00
0.00
55.50
0.00
0.00
0.00
60.77
0.00
0.00
0.00
63.86
0.00
0.00
0.00
56.81
0.00
0.00
0.00
47.90
0.00
0.00
0.00
56.12
0.00
0.00
0.00
61.28
0.00
0.00
0.00
65.53
0.00
0.00
0.00
66.98
0.00
0.00
0.00
52.12
0.00
0.00
0.00
67.95
0.00
0.00
0.00
50.37
0.00
0.00
0.00
61.68
0.00
0.00
0.00
65.70
0.00
0.00
0.00
70.21
0.00
0.00
0.00
56.75
0.00
0.00
0.00
54.28
0.00
0.00
0.00
61.79
0.00
0.00
0.00
64.17
0.00
0.00
0.00
58.45
0.00
0.00
0.00
51.90
0.00
0.00
0.00
63.07
0.00
0.00
0.00
64.60
0.00
0.00
0.00
56.59
0.00
0.00
0.00
71.84
0.00
0.00
0.00
62.79
0.00
0.00
0.00
66.06
0.00
0.00
0.00
63.84
0.00
0.00
0.00
71.10
0.00
0.00
0.00
59.35
0.00
0.00
0.00
65.11
0.00
0.00
0.00
59.93
0.00
0.00
0.00
56.90
0.00
0.00
0.00
60.53
0.00
0.00
0.00
64.12
0.00
0.00
0.00
69.43
0.00
0.00
0.00
64.30
0.00
0.00
0.00
67.97
0.00
0.00
0.00
61.39
0.00
0.00
0.00
35.71
0.00
0.00
0.00
0.00
0.00
0.00
0.00
0.00
0.00
0.00
0.00
69.55
0.00
0.00
0.00
65.00
0.00
0.00
0.00
61.93
0.00
0.00
0.00
57.03
0.00
0.00
0.00
55.32
0.00
0.00
0.00
52.70
0.00
0.00
0.00
55.67
0.00
0.00
0.00
57.05
0.00
0.00
0.00
62.55
0.00
0.00
0.00
61.46
0.00
0.00
0.00
68.36
0.00
0.00
0.00
58.61
0.00
0.00
0.00
77.54
0.00
0.00
0.00
65.53
0.00
0.00
0.00
51.11
0.00
0.00
0.00
63.68
0.00
0.00
0.00
63.43
0.00
0.00
0.00
60.53
0.00
0.00
0.00
72.65
0.00
0.00
0.00
66.43
0.00
0.00
0.00
62.22
0.00
0.00
0.00
65.37
0.00
0.00
0.00
62.85
0.00
0.00
0.00
64.07
0.00
0.00
0.00
62.45
0.00
0.00
0.00
57.98
0.00
0.00
0.00
70.60
0.00
0.00
0.00
60.53
0.00
0.00
0.00
56.30
0.00
0.00
0.00
55.44
0.00
0.00
0.00
62.65
0.00
0.00
0.00
64.18
0.00
0.00
0.00
58.72
0.00
0.00
0.00
63.15
0.00
0.00
0.00
57.85
0.00
0.00
0.00
70.64
0.00
0.00
0.00
62.84
0.00
0.00
0.00
54.19
0.00
0.00
0.00
54.11
0.00
0.00
0.00
69.66
0.00
0.00
0.00
57.11
0.00
0.00
0.00
64.88
0.00
0.00
0.00
70.97
0.00
0.00
0.00
56.35
0.00
0.00
0.00
65.30
0.00
0.00
0.00
60.50
0.00
0.00
0.00
60.76
0.00
0.00
0.00
63.88
0.00
0.00
0.00
61.12
0.00
0.00
0.00
0.00
0.00
0.00
0.00
0.00
0.00
0.00
0.00
0.00
0.00
0.00
0.00
0.00
0.00
0.00
0.00
0.00
0.00
0.00
0.00
0.00
0.00
0.00
0.00
0.00
0.00
0.00
0.00
0.00
0.00
0.00
0.00
82.66
0.00
0.00
0.00
50.56
0.00
0.00
0.00
99.99
0.00
0.00
0.00
99.99
0.00
0.00
0.00
0.00
0.00
0.00
0.00
0.00
0.00
0.00
0.00
85.36
0.00
0.00
0.00
99.99
0.00
0.00
0.00
0.00
0.00
0.00
0.00
0.00
0.00
0.00
0.00
99.99
0.00
0.00
0.00
0.00
0.00
0.00
0.00
0.00
0.00
0.00
0.00
0.00
0.00
0.00
0.00
0.00
0.00
0.00
0.00
0.00
0.00
0.00
0.00
0.00
0.00
0.00
0.00
68.55
0.00
0.00
0.00
60.93
0.00
0.00
0.00
55.07
0.00
0.00
0.00
59.86
0.00
0.00
0.00
76.98
0.00
0.00
0.00
67.14
0.00
0.00
0.00
54.04
0.00
0.00
0.00
58.69
0.00
0.00
0.00
68.03
0.00
0.00
0.00
60.76
0.00
0.00
0.00
58.32
0.00
0.00
0.00
58.29
0.00
0.00
0.00
68.84
0.00
0.00
0.00
58.77
0.00
0.00
0.00
66.96
0.00
0.00
0.00
55.15
0.00
0.00
0.00
56.73
0.00
0.00
0.00
63.80
0.00
0.00
0.00
58.05
0.00
0.00
0.00
58.04
0.00
0.00
0.00
61.75
0.00
0.00
0.00
63.33
0.00
0.00
0.00
62.63
0.00
0.00
0.00
67.13
0.00
0.00
0.00
58.27
0.00
0.00
0.00
47.95
0.00
0.00
0.00
62.00
0.00
0.00
0.00
58.88
0.00
0.00
0.00
69.09
0.00
0.00
0.00
52.73
0.00
0.00
0.00
58.30
0.00
0.00
0.00
57.10
0.00
0.00
0.00
62.18
0.00
0.00
0.00
59.78
0.00
0.00
0.00
60.02
0.00
0.00
0.00
72.42
0.00
0.00
0.00
58.18
0.00
0.00
0.00
55.44
0.00
0.00
0.00
60.30
0.00
0.00
0.00
59.46
0.00
0.00
0.00
55.22
0.00
0.00
0.00
60.97
0.00
0.00
0.00
61.62
0.00
0.00
0.00
65.52
0.00
0.00
0.00
54.13
0.00
0.00
0.00
62.98
0.00
0.00
0.00
58.09
0.00
0.00
0.00
68.21
0.00
0.00
0.00
63.25
0.00
0.00
0.00
66.67
0.00
0.00
0.00
54.88
0.00
0.00
0.00
70.44
0.00
0.00
0.00
66.65
0.00
0.00
0.00
65.18
0.00
0.00
0.00
64.66
0.00
0.00
0.00
54.70
0.00
0.00
0.00
68.50
0.00
0.00
0.00
63.39
0.00
0.00
0.00
65.40
0.00
0.00
0.00
58.08
0.00
0.00
0.00
53.48
0.00
0.00
0.00
55.68
0.00
0.00
0.00
67.85
0.00
0.00
0.00
64.84
0.00
0.00
0.00
48.01
0.00
0.00
0.00
65.30
0.00
0.00
0.00
54.84
0.00
0.00
0.00
67.25
0.00
0.00
0.00
57.91
0.00
0.00
0.00
61.77
0.00
0.00
0.00
57.65
0.00
0.00
0.00
55.69
0.00
0.00
0.00
54.95
0.00
0.00
0.00
64.44
0.00
0.00
0.00
53.86
0.00
0.00
0.00
63.83
0.00
0.00
0.00
62.62
0.00
0.00
0.00
64.11
0.00
0.00
0.00
60.96
0.00
0.00
0.00
64.81
0.00
0.00
0.00
45.92
0.00
0.00
0.00
57.80
0.00
0.00
0.00
62.79
0.00
0.00
0.00
64.12
0.00
0.00
0.00
56.63
0.00
0.00
0.00
20.09
0.00
0.00
0.00
62.89
0.00
0.00
0.00
65.53
0.00
0.00
0.00
70.67
0.00
0.00
0.00
64.39
0.00
0.00
0.00
58.86
0.00
0.00
0.00
67.53
0.00
0.00
0.00
57.00
0.00
0.00
0.00
47.15
0.00
0.00
0.00
62.40
0.00
0.00
0.00
48.46
0.00
0.00
0.00
57.35
0.00
0.00
0.00
57.50
0.00
0.00
0.00
57.56
0.00
0.00
0.00
63.31
0.00
0.00
0.00
55.52
0.00
0.00
0.00
78.19
0.00
0.00
0.00
53.28
0.00
0.00
0.00
65.77
0.00
0.00
0.00
61.81
0.00
0.00
0.00
54.50
0.00
0.00
0.00
65.19
0.00
0.00
0.00
64.07
0.00
0.00
0.00
64.68
0.00
0.00
0.00
62.53
0.00
0.00
0.00
60.94
0.00
0.00
0.00
57.36
0.00
0.00
0.00
52.97
0.00
0.00
0.00
51.32
0.00
0.00
0.00
58.77
0.00
0.00
0.00
64.78
0.00
0.00
0.00
59.08
0.00
0.00
0.00
64.52
0.00
0.00
0.00
75.44
0.00
0.00
0.00
64.90
0.00
0.00
0.00
56.47
0.00
0.00
0.00
57.80
0.00
0.00
0.00
62.49
0.00
0.00
0.00
61.23
0.00
0.00
0.00
61.52
0.00
0.00
0.00
44.57
0.00
0.00
0.00
62.53
0.00
0.00
0.00
57.31
0.00
0.00
0.00
60.23
0.00
0.00
0.00
49.56
0.00
0.00
0.00
60.65
0.00
0.00
0.00
57.63
0.00
0.00
0.00
49.28
0.00
0.00
0.00
63.66
0.00
0.00
0.00
43.29
0.00
0.00
0.00
58.90
0.00
0.00
0.00
50.39
0.00
0.00
0.00
60.13
0.00
0.00
0.00
63.33
0.00
0.00
0.00
45.14
0.00
0.00
0.00
55.00
0.00
0.00
0.00
24.80
0.00
0.00
0.00
0.00
0.00
0.00
0.00
0.00
0.00
0.00
0.00
0.00
0.00
0.00
0.00
0.00
0.00
0.00
0.00
0.00
0.00
0.00
0.00
0.00
0.00
0.00
0.00
0.00
0.00
0.00
0.00
0.00
0.00
0.00
0.00
0.00
0.00
0.00
0.00
0.00
0.00
0.00
0.00
0.00
0.00
0.00
0.00
0.00
0.00
0.00
0.00
0.00
0.00
0.00
0.00
0.00
0.00
0.00
0.00
0.00
0.00
0.00
0.00
0.00
0.00
0.00
0.00
0.00
0.00
0.00
0.00
0.00
0.00
0.00
0.00
0.00
0.00
0.00
0.00
0.00
0.00
0.00
0.00
0.00
0.00
0.00
0.00
0.00
0.00
0.00
0.00
0.00
0.00
0.00
0.00
0.00
0.00
0.00
0.00
0.00
0.00
0.00
0.00
0.00
0.00
0.00
0.00
0.00
0.00
0.00
0.00
0.00
0.00
0.00
0.00
0.00
0.00
0.00
0.00
0.00
0.00
0.00
0.00
0.00
0.00
0.00
0.00
0.00
0.00
0.00
0.00
0.00
0.00
0.00
0.00
0.00
0.00
0.00
0.00
0.00
0.00
0.00
0.00
0.00
0.00
0.00
0.00
0.00
0.00
0.00
0.00
0.00
0.00
0.00
0.00
13.55
0.00
0.00
0.00
0.00
0.00
0.00
0.00
0.00
0.00
0.00
0.00
0.00
0.00
0.00
0.00
0.00
0.00
0.00
0.00
0.00
0.00
0.00
0.00
0.00
0.00
0.00
0.00
0.00
0.00
0.00
0.00
0.00
0.00
0.00
0.00
0.00
0.00
0.00
0.00
0.00
0.00
0.00
0.00
0.00
0.00
0.00
0.00
0.00
0.00
0.00
0.00
0.00
0.00
0.00
0.00
0.00
0.00
0.00
0.00
0.00
0.00
0.00
0.00
0.00
0.00
0.00
0.00
0.00
0.00
0.00
0.00
0.00
0.00
0.00
0.00
0.00
0.00
0.00
0.00
0.00
0.00
0.00
0.00
0.00
0.00
0.00
0.00
0.00
0.00
0.00
0.00
0.00
0.00
0.00
0.00
0.00
0.00
0.00
0.00
0.00
0.00
0.00
0.00
0.00
0.00
0.00
0.00
0.00
0.00
0.00
0.00
0.00
0.00
0.00
0.00
0.00
0.00
0.00
0.00
0.00
0.00
0.00
0.00
0.00
0.00
0.00
0.00
0.00
0.00
0.00
0.00
0.00
0.00
0.00
0.00
0.00
0.00
0.00
0.00
0.00
0.00
0.00
0.00
0.00
0.00
0.00
0.00
0.00
0.00
0.00
0.00
0.00
0.00
0.00
0.00
0.00
0.00
0.00
0.00
0.00
0.00
0.00
0.00
0.00
0.00
0.00
0.00
0.00
0.00
0.00
0.00
0.00
0.00
0.00
0.00
0.00
0.00
0.00
0.00
0.00
0.00
0.00
0.00
0.00
0.00
0.00
0.00
0.00
0.00
0.00
0.00
0.00
0.00
0.00
0.00
0.00
6.95
0.00
0.00
0.00
15.39
0.00
0.00
0.00
0.00
0.00
0.00
0.00
0.00
0.00
0.00
0.00
0.00
0.00
0.00
0.00
0.00
0.00
0.00
0.00
11.80
0.00
0.00
0.00
0.00
0.00
0.00
0.00
0.00
0.00
0.00
0.00
0.00
0.00
0.00
0.00
