565396
566212
568620
564444
568032
575860
570604
585412
586968
611860
594708
599404
595252
599432
594332
601580
596792
604068
599876
605388
601572
607872
602128
606984
602104
607924
601224
606096
601528
607124
601736
608376
610652
619528
624616
636604
637840
648124
649560
663744
667448
677220
681568
691776
694084
704336
706408
720148
724012
735116
736972
747388
751912
756924
761940
772004
778088
786956
790820
792788
806164
811072
821212
822108
819704
829524
830568
832080
822088
833352
834708
835628
826140
826796
833276
827016
826532
828188
826992
829316
828180
830008
827212
829944
839848
835840
826696
836364
826468
825920
825388
827360
825944
826860
834528
723272
731708
725068
