563472
564988
566888
565780
566580
574920
569564
582848
588328
612112
593356
604276
598844
606580
599912
607396
599416
605536
599768
607556
601280
607992
601988
609368
603240
612768
606712
611816
605504
613896
607052
614316
611296
622640
617836
630068
625744
636300
635292
645592
644456
657864
654652
667184
663844
665628
672376
683644
673652
692188
687636
694652
701868
707408
701264
712076
711460
734336
726440
737800
735256
748128
746568
748844
760348
767476
764452
769488
773600
785636
784460
798564
794480
806244
803716
813472
811904
823796
823560
839064
833520
838860
831428
839568
834380
836068
829344
836064
828792
837696
831352
839444
833820
840856
834080
841168
832208
840892
834716
840676
833816
840344
833052
840752
833828
838944
829884
835224
829476
836108
832228
838312
833148
842732
835696
841444
834436
840012
832432
840200
733064
735040
729708
