528848
530456
533656
530256
531152
541188
534832
552604
555608
583564
559664
567612
564260
572740
566788
572968
568076
573612
566720
572424
569432
576796
572660
578192
570392
577548
569552
575644
571672
576408
568792
577892
573644
580212
575168
579748
575556
580676
576016
579760
578908
584724
582580
587748
585224
588544
585820
587812
585912
589340
586248
590512
585924
590996
587348
589612
588180
592284
590212
593284
593744
595076
595492
597944
603052
593444
602220
597936
605168
598096
606224
599404
608176
602036
608040
601228
601220
610516
602880
610872
606952
611536
603488
611700
603080
612012
602464
611440
604288
613124
606280
610680
606436
614980
607712
611100
607504
613028
609192
614012
611484
616492
610788
616704
610840
615448
614260
620812
615092
618332
617320
622304
616596
615376
612316
614968
613860
613348
611540
619504
613184
620144
617420
625364
628284
624244
621072
623628
617920
624376
623488
626060
621408
624932
622920
625000
620056
622484
620836
624872
622096
626548
622840
625680
619116
623192
620224
624032
622704
627444
625124
627928
623856
627112
622204
625288
620064
624608
619616
619816
617496
620696
619856
622380
622364
626188
625164
627240
626052
624668
621524
622820
628800
620104
626096
622416
627460
622560
628984
623180
631000
622360
630920
625812
634276
627552
633704
624376
632972
627376
632876
631944
621288
628272
620564
