562348
563008
565908
570624
565852
571948
567896
573792
590336
606300
625404
596032
600792
600916
602912
603316
604144
603168
604236
605780
604976
605532
604132
605384
604832
605452
613160
607736
614164
605008
613676
610512
619080
616004
624856
611812
631532
627852
638800
624276
633892
638072
639820
647316
656076
647012
665360
653704
665100
659888
669560
662584
671888
668564
680492
677196
687248
684448
694532
689896
701252
696224
706236
703404
713540
707700
717768
714168
724516
723500
734644
730200
740160
739472
747308
743540
756432
751668
759092
754844
765024
761732
771436
772236
779636
777856
788076
782380
789496
789108
799064
796668
807440
804492
816788
812920
819488
817792
828732
821660
828604
830156
837012
837032
841100
837884
839876
838920
840972
836712
842028
837816
843748
840196
845924
839828
843308
839112
843764
839568
841688
840176
841340
838252
843036
841252
841780
839464
841884
842320
842856
840952
842248
842064
845920
844012
843780
839636
842080
842268
843932
840548
844320
841020
843332
840644
844316
842712
844896
841840
844640
848912
841956
844628
843128
744220
739784
739860
734640
