567352
568204
571780
574160
569952
575224
572668
581984
588056
609196
619376
600792
598128
600332
601428
602568
601916
605508
603436
604628
601520
602860
599896
603952
603424
601608
603564
603860
601920
601548
603464
608280
605976
610068
610572
610156
611672
614028
620472
614244
623440
618380
624712
617760
624736
619136
630228
622648
629840
623840
631244
626048
632284
625856
632936
628112
633776
628936
637052
624408
637604
630536
639564
624944
634312
628424
635404
637672
635296
630332
636188
632752
646120
639964
640888
635596
646176
639160
648396
637580
640412
637816
642760
638860
642500
639100
645088
641592
647920
644176
647972
646508
650964
648228
654908
651920
656728
653460
659328
656360
661924
658792
662832
660432
665544
661436
667044
661356
666064
661716
666180
662292
668240
663672
670104
665324
670852
669028
674604
670428
675288
673144
676096
675240
678828
675372
677916
675432
680636
677572
681452
678004
682788
680740
684912
681224
686012
683320
686020
684484
687648
685596
689900
691780
692484
693332
694156
695096
697628
697252
699792
699260
700472
699680
700536
701576
704640
706144
707068
709320
709492
708604
709396
709204
710884
706816
709744
708364
711096
707864
708708
707704
709288
709404
708296
715376
705956
712808
705616
710780
706416
710424
708644
706336
703144
706960
709940
708104
713040
713224
702436
705656
705032
713608
701932
704732
701856
712324
705540
707640
702940
714352
701004
706128
703644
706996
701604
703980
701408
702828
701620
706140
705688
708440
703340
707840
705608
708380
704724
709324
706460
710380
706540
710932
705656
710480
705740
711492
706940
713540
708596
711408
707532
705892
708036
711824
714248
715316
716360
715584
676820
681812
675228
