568652
571772
572460
576252
571044
578740
575872
588416
591788
616516
605924
604500
601572
604204
602116
604816
601936
602172
600504
604184
603200
606228
601820
607536
604136
606712
602572
606724
603132
606152
601432
607504
605296
611432
611036
613956
610408
614060
611864
619752
616044
620292
617064
622128
622068
625936
622208
627092
623456
630436
627072
630908
629340
633676
634608
636300
633312
636512
637040
639488
641164
642604
641776
645064
644464
645644
646444
648376
648424
646916
648928
652216
653420
654764
653860
658444
655924
659888
661536
663516
666228
666504
666588
668628
670172
671200
669964
672684
672136
678264
678708
680248
680788
683664
691840
685952
693100
688632
695204
687636
688536
689772
690452
693020
700716
686896
695384
694932
701544
690536
700908
701140
695204
702688
697728
697460
705180
707080
709988
705260
713692
707672
717016
710448
722660
718176
718964
720564
722140
724008
723748
724968
725536
727376
728792
730768
731812
732796
735312
737688
738156
738992
742212
743508
741476
745800
745672
747588
748056
748856
752180
753436
753972
755568
755120
759340
758888
758556
763216
765012
765736
767588
775296
768352
775328
768952
774864
768612
776648
770940
778768
772692
778432
770836
771668
771184
771960
771776
771700
773804
781736
772728
778756
771380
780032
774852
779344
773352
780964
773188
779676
770496
778052
771288
779696
771184
778588
770664
776964
771772
780552
774520
781352
774884
781716
774984
782580
775992
782356
773756
777860
770184
779876
773088
781640
776688
782288
774928
782664
769528
782508
767432
784764
776916
782688
769904
780036
770664
776060
776080
773920
767816
768500
768244
769056
766628
777144
779100
771240
769352
778356
731116
706144
704236
