573176
575720
577372
572908
574552
582784
576944
591816
589804
620172
626220
605984
607396
607040
610712
617172
610232
616580
601108
608628
612160
611164
603984
610272
604936
610408
605512
607832
601640
605044
603588
608360
605644
608140
605300
612400
607596
611636
609892
614984
609444
615640
612776
619628
614440
621256
614104
619908
615292
622592
616312
624064
616448
625696
622920
624480
620036
626684
620264
627120
621692
627820
620296
628416
624156
631236
627184
632560
626712
635516
628424
637012
629260
635720
628372
633104
629968
631908
627952
629268
629468
631288
631740
634804
630548
633280
634064
635412
632148
633984
634244
634980
633188
637292
634456
636300
634616
635216
636076
635936
635340
635768
636640
638028
638668
638860
638604
639220
646392
641204
647372
640640
648520
642704
650712
642856
648212
641388
641468
643404
647096
646552
649512
646236
647060
646168
655696
650152
655060
647072
653836
647364
652300
649976
656644
650716
656484
650896
656252
648444
659104
653196
660016
654084
661736
654176
654240
652404
654760
656616
655540
649780
660320
652696
659636
652468
661828
654616
662520
653868
660136
657944
662680
657264
663056
654268
660056
653588
660668
657020
664272
658136
663848
657916
660544
656976
662284
655360
660948
654776
664048
655572
661376
658120
663812
657520
665328
660184
666412
659988
665772
661184
666748
660524
664896
657104
664460
657108
663196
658688
665128
658304
665404
658856
664144
659316
663984
656516
664876
659128
664088
659564
665396
659600
666536
661112
668072
660464
667112
661068
667952
668804
655196
662604
655888
