547632
549892
552296
547440
549476
558356
554084
570296
573404
598052
581988
580072
572188
577608
576776
581336
578492
582556
576708
582068
576016
583808
577372
585420
578120
582976
577472
586116
579064
583608
577168
585092
580556
588352
581636
590648
583688
590700
584876
592344
586596
594100
585660
591200
587200
595504
590340
596148
592504
597892
593192
596984
594476
600592
595264
599164
595096
599240
596440
602372
597432
601324
599216
603008
599240
603268
597824
599512
599680
601836
600996
604112
604488
604528
604252
603240
608536
600412
606272
600212
607296
602892
608884
604956
613604
608248
612480
606512
611536
606612
607780
607836
614172
611768
613868
608580
613616
611232
614396
612008
614196
610872
613788
612368
615960
614436
610040
607484
610924
616248
611304
609628
613880
611844
614100
612820
623864
623148
615772
613624
617088
614628
622776
615436
626152
625080
615472
619948
615184
624412
618176
624236
619124
625036
618336
624572
618528
624588
618188
623444
617996
625056
618396
626220
620212
627280
622164
627644
620452
626880
623096
630520
623896
630524
625380
630788
623716
628912
624260
631900
625280
632704
627136
634124
629428
635744
625808
633792
629004
635416
628216
637224
631172
639840
632308
639852
630640
631736
630736
631580
637556
632148
630476
629180
627316
630200
638784
632136
641332
633000
640508
632300
640112
634856
641320
634080
642012
635992
643400
639008
644468
637376
641604
634852
642648
639860
644760
640884
647884
643904
649188
643092
647436
643884
648896
646808
647940
646784
649792
643768
649908
645512
647484
645484
648420
648024
653352
648128
651916
645864
649652
643224
647984
646936
649348
646332
653904
643572
646036
644468
645084
641944
642940
649896
643372
648440
641532
656632
652340
653804
647908
653008
646284
646196
647764
646316
646552
654760
648904
657952
650060
650840
651676
653748
655528
653688
654140
653276
653444
650996
648220
649208
650536
655072
651316
655768
657120
658384
659912
662456
661324
659792
658856
660176
659744
667868
660144
668232
662256
668852
659676
667948
661684
669864
662296
669908
665548
674224
666588
670668
663000
672104
664932
672960
666116
672608
665056
672476
667912
674468
666716
675244
670800
677036
671080
681648
674156
679360
671480
677776
669736
675472
671276
676716
671332
681924
676540
683468
678760
684780
677104
683412
678692
684760
679936
684560
677928
685052
677104
684696
676104
679928
676384
682952
678336
683120
679804
683600
680416
683564
670600
674512
677812
683760
676840
673676
667492
672656
669892
675192
680620
675768
671252
676200
671972
676956
679008
679952
670244
672616
670264
674276
671788
675764
672464
676584
672344
672164
669568
673720
668676
672672
670124
671308
669900
671616
667276
667836
667080
666748
671784
668324
672132
668864
674456
669600
671548
669036
675604
668704
674060
674204
680184
676124
682160
675344
683800
676176
682404
675392
681980
677492
684060
677520
679728
687304
678720
683020
674860
683716
677132
679824
664548
673172
663804
