568960
569764
572588
569876
570712
578420
573000
586752
589780
611556
594792
605308
600224
606312
600228
605636
601148
606584
603184
607292
601096
607792
602872
610032
605732
607840
605048
607052
604092
608560
603856
606992
605672
611280
609740
612956
611504
614092
615104
615348
611200
613976
613488
617804
614696
616396
614836
616532
615916
618348
626708
621584
629120
622536
628312
622644
627636
621928
628576
624136
624960
628460
634648
620372
629780
623392
631116
631280
629320
624252
629992
623532
630144
622792
630156
627620
629016
633576
639440
627204
630972
625724
629516
625540
632128
636248
633848
632020
637568
630736
636352
629080
634516
630572
637308
632456
641496
635996
640536
632676
642112
638100
646088
641240
646320
639456
646416
640192
645716
639764
644204
639352
647408
642600
650352
642924
649792
642572
648872
641992
648736
642800
650104
643916
641796
644052
643076
648876
644220
650076
645180
651540
644804
650736
645504
650080
645160
650560
648032
652112
645576
653512
646936
653908
650044
654872
647880
652544
648044
654092
650420
653856
648076
655124
651528
655288
651000
653748
653792
656328
655544
659932
657956
659764
656600
660680
657472
658996
656748
660104
659308
664620
662244
662832
660728
663676
658124
661032
659260
655916
660780
656028
663740
656696
662968
653636
662272
661996
664200
654184
663116
657424
659612
657496
656188
658244
658940
659920
658740
660672
659320
660592
660632
662412
667272
659212
664984
658104
665920
660284
668808
662144
671092
663388
671860
665812
673068
668180
674532
665144
672808
666968
671832
666352
673852
666220
672016
666016
674656
666672
675132
668732
673628
666140
675640
666424
676556
669176
675216
670472
677144
670344
679524
670592
679252
673844
679860
674036
681960
676140
683664
675888
683356
675560
684904
678996
683600
678224
683772
678572
687688
679712
686216
681664
688296
681104
686560
679892
686664
681912
689848
684104
689248
682800
688588
683276
692024
685716
694584
689280
691404
685760
690544
688600
688672
696176
689216
691460
692956
690064
691544
688932
691248
686876
688528
693836
681652
698728
690852
690276
692528
691036
691164
690944
684112
690636
682412
698100
684524
687328
686280
687912
689228
693608
688036
697104
691848
700276
693040
701540
693128
692924
692380
692052
694064
701340
693488
701508
696992
701696
695532
702424
695064
701316
695352
697232
695960
698276
700560
699228
698900
703932
694744
703360
697564
704708
697172
705524
701004
706844
698392
706892
700692
705788
699280
706872
698612
705700
701408
707164
703528
708720
703520
710904
705628
709688
704280
711632
705848
712260
706132
714132
708884
715020
708104
717224
711388
717432
710948
714456
712132
715792
711296
716404
710192
716400
714928
718652
712840
717252
712984
716572
713532
715960
714044
719148
716956
721020
718284
719884
718108
721820
719884
729180
722748
726820
724884
725116
723260
724224
723160
724976
724744
726608
726288
725856
726332
727300
724096
718596
723708
725716
722068
723092
722968
719932
723324
718516
725500
719656
727112
719944
717704
719144
720792
723356
720308
719904
718836
717848
718244
718756
719880
720872
719664
721912
720924
722464
720700
723040
721368
725288
722456
712952
730080
729948
720700
721064
719908
713096
728572
720660
727264
720964
720420
720920
726516
721588
729372
720756
727528
720596
729076
722680
728796
725296
730308
723636
730376
723684
731324
723744
730068
722752
730472
722196
730672
723252
727828
720156
729176
721608
728572
723728
732128
725648
730976
723580
731816
723224
730328
722956
731120
721928
730236
722188
730976
723820
731508
724512
732044
723356
722472
724668
730796
725480
722068
724088
732424
718120
724860
725152
722416
723772
723232
722024
727856
721360
717836
722612
728392
717124
722720
723540
720912
715076
719336
717476
720940
716552
722368
717576
721460
719436
723040
720664
723152
721500
723968
722092
724384
720056
724288
720020
724420
722612
725676
721780
728368
724736
730708
723376
728452
720712
726692
720076
726408
720684
728500
723896
729436
723464
729996
724300
729136
723708
728340
731192
708604
714360
705892
