579420
581080
583180
586632
581052
586704
585224
594556
597520
622208
606564
605744
604168
609852
606484
610272
606876
607140
605980
607696
604736
608372
605956
607248
606884
610796
606584
609528
606608
610228
607044
609252
610392
613964
612708
616216
612668
616988
617356
616012
616480
619536
616832
620340
616744
618944
618752
621788
621352
622432
621276
623416
623908
626560
627708
628920
627832
628268
629492
631884
630356
630800
629972
632360
631944
632764
633788
635844
633484
634376
634684
635508
634676
636784
634804
636352
636404
637720
637856
637920
636980
638184
637360
639112
640876
641328
639836
643024
640448
641204
639352
644816
641296
636932
636580
646868
635836
640352
638616
640500
646756
639956
638340
641872
638336
641272
637732
640796
638876
642220
640572
642352
641864
644032
640820
643704
641176
643788
643132
645164
646332
647208
645640
645180
643608
649212
643760
644628
642548
646100
642140
645968
641104
646068
643104
647944
642988
649592
647896
652136
649376
653364
649688
657824
651068
655164
650876
655292
649512
654620
652724
656316
655952
658048
655308
657896
653344
658960
653988
659400
654812
656832
655756
658744
655616
660112
657980
659676
659828
660432
659428
660340
659056
662132
660672
664108
661544
660600
659120
659092
665580
661884
669156
659988
665572
661540
667844
663124
667480
662256
668140
663980
668172
665852
670480
666380
668564
664224
667992
664860
669096
667340
670040
666476
670380
667672
670204
666980
665856
668276
672696
669872
672936
669808
673576
670432
666624
671380
668168
672332
670264
674320
669252
666052
667152
667280
669932
665812
669296
664372
669244
664956
668256
666124
671256
667564
670476
670756
673720
669496
671244
670228
672036
673312
673392
670432
674128
670480
672832
671456
673904
672328
676700
673576
675396
674228
677488
676112
678692
678352
680684
680776
683456
678044
680476
679900
680932
683348
682056
690380
681824
688504
680712
688996
682028
688584
681312
687896
682552
687812
680492
681136
679524
684636
680824
685464
683308
686640
682284
687900
684396
690364
685264
687672
684916
691020
688436
694284
691752
693212
689116
694616
689840
692264
688044
690464
688556
691768
694072
696492
693032
695784
692752
693100
692988
695988
696128
697624
698068
699544
695436
691360
695724
699480
697676
693628
698488
698576
698888
694640
691684
695800
701104
696672
694300
696240
697532
696144
696236
692744
694904
694920
698316
693576
702232
695284
695768
697364
696688
699716
695168
697012
693756
692332
694168
694496
696184
703164
695300
704016
694152
696372
699660
707768
699388
706920
699668
707548
700272
706936
698960
707440
701240
707084
701920
709300
703528
712080
705272
711700
704228
712428
706140
712580
705272
711436
705020
710808
704496
703740
705172
705592
706780
708304
709068
709312
709956
708856
707256
717160
709768
716840
711276
716500
711092
719588
706688
721324
707176
720272
715564
722544
708488
715672
710720
724976
709548
721648
711028
716260
707980
715436
708968
715612
710380
718968
711588
718640
711640
717696
711104
719252
712720
718140
710324
715312
714764
718740
713932
717088
715460
718320
717008
721248
719188
719216
716644
720984
717036
724412
718892
725072
720316
724296
721888
725272
722204
727320
723416
730572
724924
729936
723360
728588
724588
730612
726512
729280
727700
733656
727872
732604
725868
730556
726180
730744
726348
733624
727716
731548
725264
728576
724256
729632
727184
732728
726312
731332
727508
734072
732524
734136
732416
735820
734020
737788
734724
740396
737608
740920
736972
737944
737052
737640
736112
735696
737440
740780
737436
741216
739324
742352
741828
742948
738716
741024
737112
741232
739156
744376
743920
747716
745588
747316
746028
749428
746968
751496
747432
751924
747044
749748
747828
750476
745448
749996
747272
745124
747256
752056
750520
754276
743556
748336
750168
747984
750928
748448
745456
749592
745636
750464
746404
750768
747888
748464
747316
747684
753856
751704
751536
751296
751172
757988
749856
753000
749312
750492
758632
749576
752424
754484
751780
752480
749420
746960
747556
751632
749012
750288
748624
757652
752080
759700
753760
757884
750652
755924
748856
757424
750096
761528
754592
760216
754696
759956
755376
760964
755096
760528
756016
764504
754476
762152
753836
762556
757436
764780
756328
765352
758340
765400
759116
767636
761948
767932
761316
767692
764008
769300
762816
771584
763684
768828
762896
770120
761240
769724
762036
772364
764084
772424
767788
774420
769040
774740
768376
771732
770684
773588
769052
776056
770260
771284
769400
774896
772608
777980
774164
780392
779216
780952
777512
780012
776968
779408
777304
780992
777628
781144
777344
782348
778304
780288
776632
779388
777128
783196
779476
783756
780512
784304
779856
782552
779016
783264
781104
784712
781056
779052
775916
786156
783568
779460
776740
780028
779096
778836
778476
782052
780388
784004
782872
784364
783760
784088
783376
786188
784876
787644
783880
786004
782908
785352
785588
789632
785392
790460
787796
791908
786904
789656
788512
790848
788048
792840
790104
793260
789012
792844
790492
795008
792460
794760
792384
796364
795564
798664
795540
797232
793044
798332
793996
798716
797280
801980
799972
804840
801404
800760
800612
803044
800140
800712
800260
802032
803404
806156
805012
806292
806756
806112
805292
806272
806976
822412
814584
807980
814984
808152
817144
809128
815704
807840
817688
812784
817188
811012
818600
811680
818496
810508
818476
811712
817728
810700
817484
812740
820048
811876
816664
810788
818944
813188
819524
815912
820272
813120
814540
815104
815392
811496
814712
813584
814260
816988
812536
812760
812180
812732
811512
812824
817560
814880
811392
814340
813120
817828
809176
814412
809172
806916
806996
805524
818960
808708
820264
815076
812116
815012
812768
807020
812448
808228
812516
810484
811700
808952
815748
813380
817112
811596
816156
813140
816524
811452
814552
808672
816332
813212
813324
809020
813732
810716
812412
809292
812228
807584
812444
808452
813576
807764
812640
807724
812084
808672
809464
808784
810064
807464
811412
808488
811320
808964
811264
809772
810532
809176
811412
809036
811176
808016
808712
810272
810672
811184
809676
808056
808812
807060
808916
807676
808036
808852
809852
815796
810072
817432
808844
817268
809176
816580
810508
819408
813512
820776
810732
817644
811668
818048
811888
821444
813080
817100
810648
816784
811404
817912
810052
816572
810672
818188
813020
819880
810888
820596
812260
817792
812220
819052
812620
817644
812484
820044
814852
819984
813524
820436
815924
821888
817004
820220
816552
820800
817080
820128
815400
821624
817740
821288
816396
820332
816148
822252
818768
818504
814448
819156
815452
819952
814700
814932
814984
813864
810552
812084
813300
813524
814168
817068
815556
811988
814888
810992
806812
815348
815872
816720
815004
807112
820384
814384
820592
806992
812568
814028
814852
809012
817640
810752
817028
811520
822280
815088
821500
813584
819884
822024
831564
816288
823588
815644
821312
813364
819560
813816
818204
812904
818320
812960
816636
811168
817588
819308
817328
819380
805724
793768
782160
