3
2
4
2
4
2
2
2
2
0
2
0
0
0
2
0
2
0
2
0
2
0
2
0
2
0
0
0
0
0
0
0
2
0
2
0
2
2
2
2
2
2
2
0
2
0
0
0
0
0
0
0
0
0
2
0
4
0
4
0
8
0
8
0
10
0
8
0
10
0
8
0
8
0
8
0
8
0
8
0
10
2
14
2
12
4
14
4
14
4
12
2
10
2
10
0
10
0
10
0
10
0
12
0
10
0
10
0
8
0
10
0
8
0
10
0
10
0
12
0
10
0
12
0
10
0
10
0
12
2
10
2
12
2
12
2
12
4
10
2
12
2
10
2
8
2
8
0
8
0
10
0
14
0
14
0
12
0
14
0
10
0
10
0
8
0
12
0
10
0
12
0
10
0
12
0
10
0
10
2
10
2
10
2
12
2
12
2
12
0
12
0
10
0
10
0
10
0
10
0
12
0
12
2
8
2
6
4
4
4
4
0
2
2
2
2
2
0
2
0
2
0
0
0
0
0
2
0
2
0
2
0
2
0
2
0
0
0
0
0
0
0
0
0
4
2
4
2
4
2
6
2
6
2
2
0
2
0
2
2
2
0
2
2
2
2
4
2
4
0
4
0
2
0
2
0
0
0
10
0
23
0
39
0
56
0
72
2
80
4
82
4
82
4
82
4
80
2
72
0
57
0
47
0
37
0
23
0
14
0
14
0
18
0
12
0
12
0
10
0
