2
2
2
2
2
2
2
2
2
2
4
2
2
2
2
2
2
0
2
0
0
0
0
0
0
0
0
0
0
0
2
0
2
0
2
2
2
2
2
2
2
0
2
0
0
0
0
0
0
0
0
0
2
0
2
2
2
2
2
2
2
2
2
2
4
0
4
0
4
0
6
0
4
0
4
0
6
2
6
2
4
2
6
2
4
2
4
0
6
0
6
0
6
2
6
2
6
2
6
2
6
2
6
0
6
0
6
0
4
0
6
0
4
0
6
0
4
2
6
2
8
2
6
2
6
2
6
0
4
0
4
0
6
0
6
0
6
0
6
0
6
0
4
0
4
0
4
0
6
2
4
2
6
2
4
2
6
2
6
0
6
0
6
0
8
0
6
0
6
0
6
0
6
0
2
0
6
0
6
0
4
0
6
0
8
0
4
2
4
2
8
2
6
2
6
2
6
0
6
2
4
2
6
2
6
2
4
2
6
0
4
0
4
0
6
0
6
0
6
0
8
0
6
2
6
2
8
2
6
2
6
2
6
0
8
0
6
0
6
0
6
0
6
0
4
0
4
2
6
2
6
2
6
2
8
2
8
0
6
0
6
0
6
0
6
0
4
2
6
2
4
2
6
2
6
2
8
0
8
0
8
0
6
0
6
0
6
0
4
0
6
0
6
0
8
2
6
2
6
2
6
2
6
2
6
0
8
0
8
0
6
0
6
0
4
0
0
0
2
0
2
0
2
2
2
2
2
2
2
0
4
2
4
0
4
0
4
0
4
0
0
0
0
0
0
0
0
0
0
0
0
0
0
0
0
0
2
2
2
2
2
2
2
2
2
2
0
0
0
0
0
0
0
0
0
0
0
0
0
0
2
0
2
0
4
2
4
2
12
10
12
10
12
10
12
10
10
8
2
0
0
0
0
0
0
0
0
0
0
0
0
0
0
0
2
0
2
0
2
0
2
0
2
0
0
0
0
0
0
0
0
0
0
0
2
2
8
2
8
4
8
4
8
4
6
2
2
0
0
0
6
0
20
0
31
0
47
0
59
0
57
0
43
0
31
0
18
0
4
0
0
0
2
2
12
2
12
2
12
2
16
2
10
0
4
0
4
0
4
0
