3
2
4
2
4
2
2
0
0
0
2
0
2
0
2
2
2
2
2
2
2
0
2
0
0
0
0
0
0
0
0
0
0
0
0
0
0
0
0
0
0
0
2
0
2
0
2
2
2
2
2
2
2
0
2
0
2
0
2
0
2
0
4
0
4
0
2
0
4
0
6
0
6
0
6
0
6
4
6
4
4
4
6
4
4
4
6
0
6
0
6
0
6
0
6
0
6
0
4
0
4
0
4
0
4
2
6
2
4
2
6
2
4
2
6
0
4
0
4
0
4
0
6
0
6
0
6
0
8
0
6
0
4
2
4
2
6
2
6
2
6
2
6
0
4
0
2
0
0
0
2
0
4
0
4
0
4
0
4
0
6
0
4
2
6
2
6
2
6
2
4
2
4
0
4
0
4
0
6
0
6
0
6
0
4
0
8
0
6
0
4
0
4
0
6
0
4
0
6
0
6
2
6
2
6
2
4
2
4
2
4
0
6
0
6
0
6
2
4
2
6
2
6
2
4
4
4
2
6
2
4
2
4
2
4
0
6
0
4
0
4
0
4
0
4
0
2
0
4
0
4
0
2
0
6
0
6
0
4
0
8
2
8
2
4
2
6
2
8
2
4
0
6
2
6
2
6
2
6
2
6
2
6
0
6
0
6
0
4
0
4
0
4
0
4
0
6
0
4
0
6
2
6
2
6
2
6
2
8
2
6
0
4
0
6
0
6
0
4
0
4
0
8
0
6
0
6
0
6
0
10
0
6
0
6
0
6
0
6
0
6
0
6
0
8
2
6
2
6
2
4
2
2
2
2
0
0
0
0
0
0
0
0
0
0
0
0
0
0
0
2
0
2
0
4
0
6
0
8
0
6
2
10
2
8
2
8
2
6
2
8
0
4
0
6
0
4
0
8
0
8
0
6
0
6
0
6
0
6
2
6
2
8
2
8
2
8
2
6
0
8
2
8
2
6
2
8
2
6
2
6
0
6
0
8
0
8
0
8
0
6
0
6
0
6
0
4
0
6
0
8
0
8
0
6
0
8
0
6
0
6
0
6
0
6
0
4
0
6
0
2
0
2
2
2
2
2
2
2
0
2
2
4
0
4
0
6
0
6
0
6
0
6
0
6
2
6
2
8
2
6
2
4
2
6
0
6
0
4
0
6
0
8
0
8
2
6
2
8
2
6
2
4
2
6
0
6
2
6
2
6
2
6
2
4
2
4
0
6
0
6
0
8
0
8
0
10
0
6
0
8
0
8
0
6
0
6
0
8
2
8
2
6
2
8
2
8
2
10
0
6
0
8
0
8
0
8
0
8
0
10
0
8
0
8
0
8
2
6
2
6
2
6
2
10
2
6
0
8
2
8
2
8
2
4
2
6
2
6
0
8
0
10
0
10
0
10
0
10
0
10
0
6
0
8
0
8
0
14
0
14
0
13
0
12
0
10
0
2
0
2
2
2
2
2
2
12
2
12
2
10
0
10
0
10
0
2
0
2
0
2
0
2
0
2
2
2
0
2
0
2
0
2
0
0
0
2
0
2
0
2
0
2
0
2
0
0
0
2
0
2
0
2
0
2
0
2
0
0
0
0
0
0
0
0
0
0
0
0
0
0
0
2
0
2
0
2
0
2
0
2
0
0
0
0
0
0
0
2
0
2
0
2
2
2
2
2
2
21
16
21
17
21
16
21
16
21
16
2
2
2
0
2
0
2
0
2
0
2
0
0
0
0
0
0
0
2
0
2
0
4
0
4
0
4
0
2
0
2
2
2
0
2
0
2
0
2
0
0
0
0
0
0
0
0
0
0
0
0
0
21
0
21
0
21
0
21
0
21
0
2
2
2
0
2
0
2
0
4
0
12
2
19
2
29
2
37
2
45
0
39
0
41
0
33
0
27
0
20
0
19
0
18
0
16
0
16
0
15
0
16
0
8
0
8
0
8
0
