3
0
4
0
2
0
0
0
2
0
2
0
2
0
2
0
2
0
2
0
2
0
2
2
2
2
2
2
2
0
2
0
0
0
0
0
0
0
2
0
2
0
2
0
2
0
2
0
0
0
2
0
2
0
2
2
4
2
4
2
6
0
6
0
4
0
4
0
4
0
2
0
4
0
4
0
4
0
4
0
4
0
4
0
6
0
4
0
6
0
8
0
6
0
6
0
6
0
4
0
4
2
4
2
6
2
4
2
6
2
4
0
6
0
4
0
4
0
2
0
4
0
2
0
4
2
6
2
6
2
4
2
6
4
4
2
4
2
6
2
6
2
4
0
6
0
4
0
6
0
6
0
6
0
4
0
6
0
4
0
4
0
6
0
6
0
4
0
6
2
4
2
4
2
6
2
6
4
4
2
6
2
4
2
4
2
4
0
6
0
4
0
6
0
4
0
6
0
4
0
6
0
4
0
4
0
4
0
4
0
4
0
6
2
6
2
6
2
6
2
8
2
4
0
6
0
4
0
8
0
6
0
6
0
4
0
4
0
4
0
2
0
2
0
2
0
2
0
0
0
2
0
2
2
2
2
6
2
6
2
4
2
6
0
6
0
4
0
6
2
6
2
6
2
6
2
6
2
6
0
6
0
4
0
6
0
6
0
4
0
4
0
6
0
6
0
6
0
6
0
6
2
6
2
4
2
4
2
6
2
8
0
6
0
6
0
4
0
4
0
4
2
6
2
8
2
8
2
8
2
6
0
4
0
4
0
4
0
4
0
6
0
6
0
6
2
6
2
4
2
2
2
4
2
2
0
2
0
4
0
6
0
4
0
6
0
6
0
6
0
4
0
6
0
6
2
8
2
6
2
8
2
8
2
6
0
4
0
8
0
6
0
4
0
8
2
8
2
6
2
6
2
8
2
4
0
6
0
8
0
6
0
6
0
8
0
8
0
6
0
6
0
4
2
4
2
2
2
4
2
6
4
6
2
4
2
6
2
6
2
6
0
6
0
8
0
6
0
6
0
6
0
6
0
6
0
6
0
8
0
6
0
6
2
6
2
6
2
2
2
4
2
6
0
6
0
6
0
8
0
6
0
6
0
4
0
4
0
4
2
6
2
4
2
6
2
4
0
6
0
6
0
8
0
6
0
8
0
6
0
6
0
6
0
8
0
6
0
8
0
6
2
6
2
4
2
6
2
6
2
8
0
8
0
8
0
6
0
6
0
6
0
6
0
6
0
8
0
8
2
6
2
6
2
4
2
2
2
0
0
2
0
2
0
2
0
2
0
2
0
0
0
0
0
4
0
4
0
6
0
8
0
8
0
4
0
6
0
4
0
4
0
6
0
6
0
6
0
6
0
6
0
6
2
6
2
6
2
8
2
6
2
6
0
6
0
6
0
6
0
8
0
6
2
8
2
6
2
8
2
6
2
8
0
6
0
8
0
6
0
6
0
6
2
8
2
6
2
6
2
6
2
6
0
6
0
8
0
8
0
8
0
6
0
6
0
6
0
4
0
6
0
6
0
4
0
2
0
2
0
0
0
2
2
2
2
2
2
2
2
4
2
2
0
2
0
4
0
6
0
4
0
8
0
8
0
8
0
8
0
8
0
4
2
6
2
8
2
6
2
6
2
8
0
8
0
4
0
8
0
8
0
8
0
8
0
8
0
6
0
8
2
8
2
6
2
8
2
8
2
6
0
6
0
8
0
8
0
8
0
8
0
8
0
8
0
8
0
6
2
8
2
8
2
6
2
6
2
8
0
6
2
6
2
8
2
8
2
6
2
8
0
6
0
8
0
6
0
8
0
6
0
17
0
18
0
18
0
18
0
17
0
6
2
2
2
2
2
2
0
2
0
10
0
12
2
12
2
12
2
12
2
2
2
0
0
0
0
0
0
0
0
0
0
2
0
2
0
2
0
2
0
2
0
2
0
0
0
0
0
0
0
2
0
2
0
2
0
2
0
2
2
2
0
2
0
2
0
2
0
0
0
0
0
0
0
2
0
2
0
2
0
2
0
2
0
0
0
0
0
0
0
2
0
2
0
2
0
2
0
2
0
0
0
0
0
0
0
0
0
0
0
0
0
0
0
2
0
2
0
2
0
2
0
2
0
0
0
0
0
0
0
2
0
2
0
4
0
4
0
4
0
2
0
2
0
0
0
0
0
0
0
0
0
0
0
0
0
2
0
2
0
2
0
2
0
4
0
2
0
2
0
2
0
2
0
0
0
0
0
0
0
0
0
0
0
10
6
35
17
49
25
49
25
49
25
41
21
16
10
2
0
2
0
2
0
2
0
0
0
0
0
0
0
0
0
0
0
0
0
0
0
0
0
0
0
2
2
2
2
2
2
2
2
4
2
2
0
2
0
2
0
2
0
0
0
0
0
0
0
0
0
0
0
0
0
0
0
2
0
2
0
2
2
2
2
2
2
2
0
2
0
2
0
2
0
2
0
2
0
2
2
2
0
2
0
2
0
2
0
0
0
0
0
0
0
0
0
12
0
29
0
29
2
29
2
29
2
21
2
2
2
2
2
2
0
4
2
4
2
16
2
25
2
33
2
41
0
47
0
49
0
51
0
53
0
51
2
48
2
41
2
29
2
25
2
31
0
22
2
21
2
21
2
29
2
14
2
14
0
14
0
