3
2
3
2
4
2
4
2
2
0
2
0
0
0
2
0
2
0
2
0
2
2
2
2
2
0
2
0
2
2
2
0
2
0
2
0
2
0
0
0
0
0
0
0
2
0
2
0
2
0
2
0
2
0
0
0
2
0
2
0
4
0
4
0
6
0
4
0
6
2
4
2
4
2
4
2
4
2
4
0
4
0
6
0
4
0
4
0
6
2
6
2
4
2
6
2
6
2
2
0
4
0
6
0
4
0
6
0
6
0
4
0
4
0
6
0
4
2
4
2
6
2
6
2
4
2
4
0
6
0
4
0
4
0
4
2
4
2
6
2
6
2
6
2
6
0
6
0
4
0
4
0
4
0
4
0
4
0
4
2
4
2
2
2
2
2
6
2
4
0
6
0
6
0
6
0
2
0
4
2
4
2
4
2
6
2
6
2
6
0
6
0
6
0
6
0
6
0
4
0
4
0
6
0
4
0
6
0
6
0
4
0
4
0
4
0
2
0
4
0
6
0
4
2
8
2
8
2
6
2
6
2
8
0
4
0
4
0
4
0
2
0
0
0
0
0
0
0
0
0
2
0
2
0
4
2
4
2
6
2
4
2
6
2
6
0
6
2
6
2
6
2
6
2
6
2
8
0
6
0
6
0
6
0
4
0
4
0
4
0
4
0
6
0
6
0
6
0
6
0
6
0
4
0
4
0
4
2
4
2
6
2
6
2
8
2
6
0
8
0
6
0
6
2
4
2
6
2
4
2
6
4
4
2
6
2
4
2
6
2
4
0
6
0
4
0
6
0
4
0
4
0
4
0
4
0
2
0
2
0
2
0
0
0
2
0
4
0
4
0
4
0
6
0
4
0
4
2
4
2
6
2
6
2
6
2
6
0
6
2
6
2
4
2
6
2
4
2
6
0
4
0
6
0
6
0
8
0
6
0
8
0
8
0
6
0
6
0
6
0
4
0
4
0
6
0
6
0
6
0
6
0
6
2
4
2
6
4
6
4
6
4
6
2
8
2
8
0
6
0
6
0
8
0
6
0
6
0
6
0
8
0
4
0
6
0
4
0
4
0
4
2
4
2
6
2
6
2
8
2
8
0
8
0
4
0
4
0
6
0
4
0
4
0
6
0
8
0
4
2
6
2
6
2
6
2
4
2
4
0
6
0
6
0
6
0
8
0
10
0
8
0
8
0
6
0
6
2
4
2
2
2
4
2
6
2
6
0
6
0
8
0
8
0
6
0
6
2
8
2
6
2
6
2
6
2
6
0
4
0
4
0
2
2
6
2
4
2
6
2
6
2
6
0
4
0
6
0
4
0
6
0
6
0
4
0
4
0
6
0
4
0
8
0
8
0
8
0
6
2
8
2
6
2
4
2
4
2
4
0
4
0
6
0
8
0
8
0
8
0
8
2
6
2
4
2
4
2
4
2
6
0
6
0
8
0
8
0
8
0
8
0
8
0
8
0
6
0
6
0
10
0
6
0
4
0
8
0
8
0
6
0
6
0
6
0
2
0
2
0
0
0
0
0
4
0
4
0
4
0
4
0
4
2
2
0
2
0
2
0
2
0
0
0
0
0
0
0
0
0
0
0
0
0
0
0
0
0
0
0
2
2
2
2
2
2
4
2
4
2
4
0
4
0
6
0
6
0
6
0
6
0
8
0
8
0
6
0
6
0
6
0
4
2
4
2
6
2
8
2
6
2
8
0
6
0
6
0
6
0
8
0
8
0
8
0
8
0
8
0
6
0
8
0
8
0
8
0
6
2
8
2
6
2
8
2
6
4
6
2
6
2
6
2
6
2
6
0
8
0
8
0
8
0
6
0
8
0
8
0
6
2
8
2
8
2
8
2
8
2
8
0
4
0
8
0
6
0
4
0
6
0
8
0
4
0
6
0
6
0
6
2
4
2
6
2
10
2
8
2
6
0
8
0
8
0
4
0
6
0
6
0
8
0
8
0
8
0
8
0
8
0
4
0
6
0
6
2
6
2
6
2
8
2
6
2
6
0
6
0
10
0
8
2
8
2
8
2
10
2
6
2
8
0
8
0
10
0
6
0
8
0
8
0
6
0
6
0
8
0
6
0
8
0
10
0
8
0
8
0
8
0
6
0
6
0
8
2
8
2
10
2
8
2
8
2
8
0
6
0
6
0
8
0
8
0
10
2
10
2
10
2
8
2
8
2
8
0
8
0
6
0
8
0
8
0
8
2
6
2
8
2
8
2
8
2
6
0
20
0
20
0
20
0
20
0
18
0
6
2
16
2
14
2
14
2
16
2
14
0
2
2
2
2
2
2
2
0
2
2
2
0
2
0
2
0
2
0
0
0
0
0
0
0
0
0
0
0
0
0
0
0
0
0
0
0
2
2
2
2
2
2
2
2
2
2
0
0
0
0
0
0
0
0
0
0
0
0
0
0
0
0
0
0
2
0
2
0
2
0
2
0
2
0
2
0
2
0
2
0
2
0
2
0
0
0
0
0
10
6
33
20
41
25
41
25
41
25
33
20
10
8
0
0
0
0
0
0
0
0
0
0
0
0
0
0
0
0
2
0
2
0
2
0
2
0
2
2
2
0
2
0
2
0
2
0
0
0
0
0
0
0
0
0
4
0
21
0
37
0
37
0
37
0
37
0
16
0
2
0
4
0
4
0
8
4
18
4
27
2
31
0
31
2
31
2
29
2
29
2
31
2
41
0
45
0
47
0
49
0
49
0
39
0
29
0
29
0
35
0
25
0
25
0
25
0
27
0
20
0
20
0
