0.00
0.00
0.00
0.00
0.00
0.00
0.00
0.00
0.00
13.65
0.00
0.00
0.00
0.00
0.00
0.00
0.00
0.00
0.00
0.00
0.00
0.00
0.00
0.00
0.00
0.00
0.00
0.00
0.00
0.00
0.00
0.00
0.00
0.00
0.00
0.00
0.00
0.00
0.00
0.00
0.00
0.00
0.00
0.00
0.00
0.00
0.00
0.00
0.00
0.00
0.00
0.00
0.00
0.00
0.00
0.00
0.00
0.00
0.00
0.00
0.00
0.00
0.00
0.00
0.00
0.00
0.00
0.00
0.00
0.00
0.00
0.00
0.00
0.00
0.00
0.00
0.00
0.00
0.00
0.00
68.44
0.00
0.00
0.00
53.08
0.00
0.00
0.00
16.23
0.00
0.00
0.00
99.99
0.00
0.00
0.00
56.68
0.00
0.00
0.00
56.38
0.00
0.00
0.00
56.92
0.00
0.00
0.00
57.84
0.00
0.00
0.00
56.26
0.00
0.00
0.00
44.51
0.00
0.00
0.00
62.30
0.00
0.00
0.00
64.78
0.00
0.00
0.00
69.65
0.00
0.00
0.00
54.84
0.00
0.00
0.00
58.87
0.00
0.00
0.00
58.69
0.00
0.00
0.00
60.84
0.00
0.00
0.00
67.81
0.00
0.00
0.00
67.39
0.00
0.00
0.00
51.24
0.00
0.00
0.00
62.02
0.00
0.00
0.00
62.56
0.00
0.00
0.00
62.50
0.00
0.00
0.00
56.17
0.00
0.00
0.00
71.73
0.00
0.00
0.00
50.68
0.00
0.00
0.00
59.95
0.00
0.00
0.00
60.62
0.00
0.00
0.00
69.19
0.00
0.00
0.00
55.45
0.00
0.00
0.00
59.07
0.00
0.00
0.00
62.10
0.00
0.00
0.00
68.56
0.00
0.00
0.00
58.26
0.00
0.00
0.00
63.88
0.00
0.00
0.00
66.49
0.00
0.00
0.00
53.06
0.00
0.00
0.00
68.38
0.00
0.00
0.00
60.46
0.00
0.00
0.00
60.56
0.00
0.00
0.00
57.46
0.00
0.00
0.00
57.91
0.00
0.00
0.00
49.99
0.00
0.00
0.00
64.61
0.00
0.00
0.00
50.82
0.00
0.00
0.00
58.42
0.00
0.00
0.00
71.63
0.00
0.00
0.00
71.74
0.00
0.00
0.00
64.18
0.00
0.00
0.00
64.17
0.00
0.00
0.00
62.75
0.00
0.00
0.00
66.82
0.00
0.00
0.00
64.39
0.00
0.00
0.00
58.46
0.00
0.00
0.00
63.76
0.00
0.00
0.00
63.83
0.00
0.00
0.00
60.45
0.00
0.00
0.00
66.09
0.00
0.00
0.00
60.48
0.00
0.00
0.00
52.21
0.00
0.00
0.00
69.14
0.00
0.00
0.00
62.39
0.00
0.00
0.00
56.31
0.00
0.00
0.00
62.00
0.00
0.00
0.00
55.30
0.00
0.00
0.00
63.80
0.00
0.00
0.00
59.54
0.00
0.00
0.00
67.17
0.00
0.00
0.00
82.34
0.00
0.00
0.00
61.25
0.00
0.00
0.00
61.21
0.00
0.00
0.00
63.54
0.00
0.00
0.00
65.85
0.00
0.00
0.00
68.63
0.00
0.00
0.00
64.04
0.00
0.00
0.00
52.20
0.00
0.00
0.00
72.08
0.00
0.00
0.00
62.16
0.00
0.00
0.00
59.66
0.00
0.00
0.00
64.33
0.00
0.00
0.00
63.04
0.00
0.00
0.00
53.61
0.00
0.00
0.00
65.92
0.00
0.00
0.00
62.62
0.00
0.00
0.00
57.14
0.00
0.00
0.00
63.18
0.00
0.00
0.00
54.89
0.00
0.00
0.00
60.51
0.00
0.00
0.00
57.52
0.00
0.00
0.00
62.96
0.00
0.00
0.00
63.34
0.00
0.00
0.00
65.43
0.00
0.00
0.00
52.36
0.00
0.00
0.00
65.86
0.00
0.00
0.00
55.67
0.00
0.00
0.00
61.18
0.00
0.00
0.00
57.89
0.00
0.00
0.00
54.55
0.00
0.00
0.00
62.88
0.00
0.00
0.00
63.80
0.00
0.00
0.00
55.41
0.00
0.00
0.00
60.66
0.00
0.00
0.00
58.54
0.00
0.00
0.00
60.29
0.00
0.00
0.00
57.40
0.00
0.00
0.00
65.87
0.00
0.00
0.00
64.06
0.00
0.00
0.00
52.99
0.00
0.00
0.00
63.45
0.00
0.00
0.00
60.75
0.00
0.00
0.00
61.82
0.00
0.00
0.00
64.19
0.00
0.00
0.00
52.83
0.00
0.00
0.00
61.98
0.00
0.00
0.00
61.32
0.00
0.00
0.00
57.56
0.00
0.00
0.00
57.35
0.00
0.00
0.00
26.48
0.00
0.00
0.00
61.69
0.00
0.00
0.00
56.34
0.00
0.00
0.00
56.82
0.00
0.00
0.00
49.05
0.00
0.00
0.00
57.03
0.00
0.00
0.00
59.93
0.00
0.00
0.00
66.02
0.00
0.00
0.00
76.77
0.00
0.00
0.00
44.21
0.00
0.00
0.00
12.50
11.94
0.00
0.00
0.00
0.00
0.00
0.00
0.00
0.00
0.00
0.00
0.00
0.00
0.00
0.00
0.00
0.00
0.00
0.00
0.00
0.00
0.00
0.00
0.00
0.00
0.00
0.00
0.00
0.00
0.00
0.00
0.00
0.00
0.00
0.00
0.00
0.00
0.00
0.00
0.00
0.00
0.00
0.00
0.00
0.00
0.00
0.00
0.00
0.00
0.00
0.00
0.00
0.00
0.00
0.00
0.00
0.00
0.00
0.00
0.00
0.00
0.00
0.00
0.00
0.00
0.00
0.00
0.00
0.00
0.00
0.00
0.00
0.00
0.00
0.00
0.00
0.00
0.00
0.00
0.00
0.00
0.00
0.00
0.00
0.00
0.00
0.00
0.00
0.00
0.00
0.00
0.00
0.00
0.00
0.00
0.00
0.00
0.00
0.00
0.00
0.00
0.00
0.00
0.00
0.00
0.00
0.00
0.00
0.00
0.00
0.00
0.00
0.00
0.00
0.00
0.00
0.00
0.00
0.00
0.00
0.00
0.00
0.00
0.00
0.00
0.00
0.00
0.00
0.00
0.00
0.00
0.00
0.00
0.00
0.00
0.00
0.00
0.00
0.00
0.00
0.00
0.00
0.00
0.00
0.00
0.00
0.00
0.00
0.00
0.00
0.00
0.00
0.00
0.00
0.00
0.00
0.00
0.00
0.00
0.00
0.00
0.00
0.00
0.00
0.00
0.00
0.00
0.00
0.00
0.00
0.00
0.00
0.00
0.00
0.00
0.00
0.00
0.00
0.00
0.00
0.00
0.00
0.00
0.00
0.00
0.00
0.00
0.00
0.00
0.00
0.00
0.00
0.00
0.00
0.00
0.00
0.00
0.00
0.00
0.00
0.00
0.00
0.00
0.00
0.00
0.00
0.00
0.00
0.00
0.00
0.00
0.00
0.00
0.00
0.00
0.00
0.00
0.00
0.00
0.00
0.00
0.00
0.00
0.00
0.00
0.00
0.00
0.00
0.00
0.00
0.00
0.00
0.00
0.00
0.00
0.00
0.00
0.00
0.00
0.00
0.00
0.00
0.00
0.00
0.00
0.00
0.00
0.00
0.00
0.00
0.00
0.00
0.00
0.00
0.00
0.00
0.00
0.00
0.00
0.00
0.00
0.00
0.00
0.00
0.00
0.00
0.00
0.00
0.00
0.00
0.00
0.00
0.00
0.00
0.00
0.00
0.00
0.00
0.00
0.00
0.00
0.00
0.00
0.00
0.00
0.00
0.00
0.00
0.00
0.00
0.00
0.00
0.00
0.00
0.00
0.00
0.00
0.00
0.00
0.00
0.00
0.00
0.00
0.00
0.00
0.00
0.00
0.00
0.00
0.00
0.00
0.00
0.00
0.00
0.00
