0.00
0.00
0.00
0.00
0.00
0.00
0.00
0.00
0.00
0.00
0.00
0.00
0.00
0.00
0.00
0.00
0.00
0.00
0.00
0.00
0.00
0.00
0.00
0.00
0.00
0.00
0.00
0.00
0.00
0.00
0.00
0.00
0.00
0.00
0.00
0.00
0.00
0.00
0.00
0.00
0.00
0.00
0.00
0.00
0.00
0.00
0.00
0.00
0.00
0.00
0.00
0.00
0.00
0.00
0.00
0.00
0.00
0.00
0.00
0.00
0.00
0.00
0.00
0.00
0.00
0.00
0.00
0.00
0.00
0.00
0.00
0.00
0.00
0.00
0.00
0.00
0.00
0.00
0.00
54.35
0.00
0.00
0.00
66.67
0.00
0.00
0.00
67.34
0.00
0.00
0.00
61.19
0.00
0.00
0.00
57.34
0.00
0.00
0.00
91.33
0.00
0.00
0.00
55.21
0.00
0.00
0.00
64.40
0.00
0.00
0.00
66.96
0.00
0.00
0.00
60.47
0.00
0.00
0.00
65.43
0.00
0.00
0.00
61.00
0.00
0.00
0.00
59.22
0.00
0.00
0.00
46.50
0.00
0.00
0.00
55.21
0.00
0.00
0.00
57.65
0.00
0.00
0.00
58.53
0.00
0.00
0.00
59.78
0.00
0.00
0.00
61.95
0.00
0.00
0.00
57.88
0.00
0.00
0.00
60.00
0.00
0.00
0.00
55.67
0.00
0.00
0.00
47.31
0.00
0.00
0.00
68.62
0.00
0.00
0.00
54.85
0.00
0.00
0.00
53.13
0.00
0.00
0.00
64.38
0.00
0.00
0.00
57.79
0.00
0.00
0.00
59.38
0.00
0.00
0.00
47.35
0.00
0.00
0.00
63.87
0.00
0.00
0.00
56.98
0.00
0.00
0.00
47.37
0.00
0.00
0.00
58.68
0.00
0.00
0.00
54.05
0.00
0.00
0.00
60.73
0.00
0.00
0.00
65.18
0.00
0.00
0.00
53.20
0.00
0.00
0.00
58.27
0.00
0.00
0.00
54.63
0.00
0.00
0.00
64.02
0.00
0.00
0.00
55.57
0.00
0.00
0.00
50.12
0.00
0.00
0.00
56.92
0.00
0.00
0.00
70.77
0.00
0.00
0.00
60.21
0.00
0.00
0.00
53.78
0.00
0.00
0.00
69.12
0.00
0.00
0.00
54.89
0.00
0.00
0.00
51.22
0.00
0.00
0.00
58.62
0.00
0.00
0.00
48.83
0.00
0.00
0.00
57.57
0.00
0.00
0.00
58.39
0.00
0.00
0.00
35.86
0.00
0.00
0.00
67.41
0.00
0.00
0.00
60.34
0.00
0.00
0.00
54.67
0.00
0.00
0.00
57.13
0.00
0.00
0.00
55.93
0.00
0.00
0.00
60.26
0.00
0.00
0.00
62.37
0.00
0.00
0.00
56.80
0.00
0.00
0.00
59.35
0.00
0.00
0.00
57.18
0.00
0.00
0.00
62.66
0.00
0.00
0.00
54.01
0.00
0.00
0.00
61.93
0.00
0.00
0.00
56.71
22.78
0.00
0.00
64.63
0.00
0.00
0.00
71.36
0.00
0.00
0.00
56.76
0.00
0.00
0.00
70.13
0.00
0.00
0.00
47.50
0.00
0.00
0.00
0.00
0.00
0.00
0.00
0.00
0.00
0.00
0.00
0.00
0.00
0.00
0.00
0.00
0.00
0.00
0.00
0.00
0.00
0.00
0.00
0.00
0.00
0.00
0.00
0.00
0.00
0.00
0.00
0.00
0.00
0.00
0.00
0.00
0.00
0.00
0.00
0.00
0.00
0.00
0.00
0.00
0.00
0.00
0.00
0.00
0.00
0.00
0.00
0.00
0.00
0.00
0.00
0.00
0.00
0.00
0.00
0.00
0.00
0.00
0.00
0.00
0.00
0.00
0.00
0.00
0.00
0.00
0.00
0.00
0.00
0.00
0.00
0.00
0.00
0.00
0.00
0.00
0.00
0.00
0.00
0.00
0.00
0.00
0.00
0.00
0.00
0.00
0.00
0.00
0.00
0.00
0.00
0.00
0.00
0.00
0.00
0.00
0.00
0.00
0.00
0.00
0.00
0.00
0.00
0.00
0.00
0.00
0.00
0.00
0.00
0.00
0.00
0.00
0.00
0.00
0.00
0.00
0.00
0.00
0.00
0.00
0.00
0.00
0.00
0.00
0.00
0.00
0.00
0.00
0.00
0.00
0.00
0.00
0.00
0.00
0.00
0.00
0.00
0.00
0.00
0.00
0.00
0.00
0.00
0.00
0.00
0.00
0.00
0.00
0.00
0.00
0.00
0.00
0.00
0.00
0.00
0.00
0.00
0.00
0.00
0.00
0.00
0.00
0.00
0.00
0.00
0.00
0.00
0.00
0.00
0.00
0.00
0.00
0.00
0.00
0.00
0.00
24.50
0.00
0.00
0.00
0.00
0.00
0.00
0.00
0.00
0.00
0.00
0.00
13.02
0.00
0.00
0.00
40.73
0.00
0.00
0.00
68.77
36.19
0.00
0.00
0.00
0.00
0.00
0.00
0.00
0.00
0.00
0.00
0.00
0.00
0.00
0.00
0.00
0.00
0.00
0.00
0.00
0.00
0.00
0.00
