0.00
0.00
0.00
0.00
0.00
0.00
0.00
0.00
0.00
0.00
0.00
0.00
0.00
0.00
0.00
0.00
0.00
0.00
0.00
0.00
0.00
0.00
0.00
0.00
0.00
0.00
0.00
0.00
0.00
0.00
0.00
0.00
0.00
0.00
0.00
0.00
0.00
0.00
0.00
0.00
0.00
0.00
0.00
0.00
0.00
0.00
0.00
0.00
0.00
0.00
0.00
0.00
0.00
0.00
0.00
0.00
0.00
0.00
0.00
0.00
0.00
0.00
0.00
0.00
0.00
0.00
0.00
0.00
0.00
0.00
0.00
0.00
0.00
0.00
0.00
0.00
0.00
0.00
0.00
0.00
55.95
0.00
0.00
0.00
62.46
0.00
0.00
0.00
74.79
0.00
0.00
0.00
70.01
0.00
0.00
0.00
60.29
0.00
0.00
0.00
60.16
0.00
0.00
0.00
66.97
0.00
0.00
0.00
57.94
0.00
0.00
0.00
55.85
0.00
0.00
0.00
56.59
0.00
0.00
0.00
67.08
0.00
0.00
0.00
73.44
0.00
0.00
0.00
57.16
0.00
0.00
0.00
71.84
0.00
0.00
0.00
60.65
0.00
0.00
0.00
65.07
0.00
0.00
0.00
63.61
0.00
0.00
0.00
67.47
0.00
0.00
0.00
54.76
0.00
0.00
0.00
60.53
0.00
0.00
0.00
65.38
0.00
0.00
0.00
63.41
0.00
0.00
0.00
59.37
0.00
0.00
0.00
56.35
0.00
0.00
0.00
61.00
0.00
0.00
0.00
61.52
0.00
0.00
0.00
55.52
0.00
0.00
0.00
51.29
0.00
0.00
0.00
56.38
0.00
0.00
0.00
61.91
0.00
0.00
0.00
64.11
0.00
0.00
0.00
65.40
0.00
0.00
0.00
50.32
0.00
0.00
0.00
56.19
0.00
0.00
0.00
51.00
0.00
0.00
0.00
65.46
0.00
0.00
0.00
58.96
0.00
0.00
0.00
61.23
0.00
0.00
0.00
55.30
0.00
0.00
0.00
66.55
0.00
0.00
0.00
55.72
0.00
0.00
0.00
60.62
0.00
0.00
0.00
60.57
0.00
0.00
0.00
60.45
0.00
0.00
0.00
0.00
0.00
0.00
0.00
99.99
0.00
0.00
0.00
0.00
0.00
0.00
0.00
0.00
0.00
0.00
0.00
81.23
0.00
0.00
0.00
66.53
0.00
0.00
0.00
61.15
0.00
0.00
0.00
62.57
0.00
0.00
0.00
58.65
0.00
0.00
0.00
61.10
0.00
0.00
0.00
65.97
0.00
0.00
0.00
51.79
0.00
0.00
0.00
61.85
0.00
0.00
0.00
62.69
0.00
0.00
0.00
62.39
0.00
0.00
0.00
55.88
0.00
0.00
0.00
62.90
0.00
0.00
0.00
67.62
0.00
0.00
0.00
61.95
0.00
0.00
0.00
72.66
0.00
0.00
0.00
66.68
0.00
0.00
0.00
67.93
0.00
0.00
0.00
56.04
0.00
0.00
0.00
68.76
0.00
0.00
0.00
59.86
0.00
0.00
0.00
98.05
0.00
0.00
0.00
56.13
0.00
0.00
0.00
54.76
0.00
0.00
0.00
53.13
0.00
0.00
0.00
63.35
0.00
0.00
0.00
63.11
0.00
0.00
0.00
54.13
0.00
0.00
0.00
58.72
0.00
0.00
0.00
53.94
0.00
0.00
0.00
65.75
0.00
0.00
0.00
66.07
0.00
0.00
0.00
62.10
0.00
0.00
0.00
63.73
0.00
0.00
0.00
59.48
0.00
0.00
0.00
71.35
0.00
0.00
0.00
69.59
0.00
0.00
0.00
57.73
0.00
0.00
0.00
68.18
0.00
0.00
0.00
73.98
0.00
0.00
0.00
64.81
0.00
0.00
0.00
62.49
0.00
0.00
0.00
56.98
0.00
0.00
0.00
67.20
0.00
0.00
0.00
0.00
0.00
0.00
0.00
0.00
0.00
0.00
0.00
0.00
0.00
0.00
0.00
0.00
0.00
0.00
0.00
0.00
0.00
0.00
0.00
0.00
0.00
0.00
0.00
0.00
0.00
0.00
0.00
0.00
0.00
0.00
0.00
0.00
0.00
0.00
0.00
0.00
0.00
0.00
0.00
0.00
0.00
0.00
0.00
0.00
0.00
0.00
0.00
0.00
0.00
0.00
0.00
0.00
0.00
0.00
0.00
0.00
0.00
0.00
0.00
0.00
0.00
0.00
0.00
0.00
0.00
0.00
0.00
0.00
0.00
0.00
0.00
0.00
0.00
0.00
0.00
0.00
0.00
0.00
0.00
0.00
0.00
0.00
0.00
0.00
0.00
0.00
0.00
0.00
0.00
0.00
0.00
0.00
0.00
0.00
0.00
0.00
0.00
0.00
0.00
0.00
0.00
0.00
0.00
0.00
0.00
0.00
0.00
0.00
0.00
0.00
0.00
0.00
0.00
0.00
0.00
0.00
0.00
0.00
0.00
0.00
0.00
0.00
0.00
0.00
0.00
0.00
0.00
0.00
0.00
0.00
0.00
0.00
0.00
0.00
0.00
0.00
0.00
0.00
0.00
0.00
0.00
0.00
0.00
0.00
0.00
0.00
0.00
0.00
0.00
0.00
0.00
0.00
0.00
0.00
0.00
0.00
0.00
0.00
0.00
0.00
0.00
0.00
0.00
0.00
0.00
0.00
0.00
0.00
0.00
0.00
0.00
0.00
0.00
0.00
0.00
0.00
0.00
0.00
0.00
0.00
0.00
0.00
0.00
0.00
0.00
0.00
0.00
0.00
0.00
0.00
0.00
0.00
0.00
0.00
0.00
0.00
0.00
0.00
0.00
0.00
0.00
0.00
0.00
0.00
0.00
0.00
0.00
0.00
0.00
0.00
0.00
0.00
0.00
0.00
0.00
0.00
0.00
0.00
0.00
0.00
0.00
0.00
0.00
0.00
0.00
0.00
0.00
38.76
0.00
0.00
0.00
0.00
0.00
0.00
0.00
0.00
0.00
0.00
0.00
0.00
0.00
0.00
0.00
0.00
0.00
0.00
0.00
0.00
0.00
0.00
0.00
0.00
0.00
0.00
0.00
0.00
0.00
0.00
0.00
0.00
0.00
0.00
0.00
0.00
0.00
0.00
