0.00
0.00
0.00
0.00
0.00
0.00
0.00
0.00
0.00
0.00
0.00
0.00
0.00
0.00
0.00
0.00
0.00
0.00
0.00
0.00
0.00
0.00
0.00
0.00
0.00
0.00
0.00
0.00
0.00
0.00
0.00
0.00
0.00
0.00
0.00
0.00
0.00
0.00
0.00
0.00
0.00
0.00
0.00
0.00
0.00
0.00
0.00
0.00
0.00
0.00
0.00
0.00
0.00
0.00
0.00
0.00
0.00
0.00
0.00
0.00
0.00
0.00
0.00
0.00
0.00
0.00
0.00
0.00
0.00
0.00
0.00
0.00
0.00
0.00
0.00
0.00
0.00
62.02
0.00
0.00
0.00
36.95
0.00
0.00
0.00
35.40
0.00
0.00
0.00
39.09
0.00
0.00
0.00
58.74
0.00
0.00
0.00
31.52
0.00
0.00
0.00
45.53
0.00
0.00
0.00
37.44
0.00
0.00
0.00
45.16
0.00
0.00
0.00
42.46
0.00
0.00
0.00
33.62
0.00
0.00
0.00
0.00
0.00
0.00
0.00
47.18
0.00
0.00
0.00
31.49
0.00
0.00
0.00
41.93
0.00
0.00
0.00
44.17
0.00
0.00
0.00
30.93
0.00
0.00
0.00
27.35
0.00
0.00
0.00
39.86
0.00
0.00
0.00
37.50
0.00
0.00
0.00
16.45
0.00
0.00
0.00
46.02
0.00
0.00
0.00
52.18
0.00
0.00
0.00
26.01
0.00
0.00
0.00
46.89
0.00
0.00
0.00
21.84
0.00
0.00
0.00
0.00
0.00
0.00
0.00
0.00
0.00
0.00
0.00
0.00
0.00
0.00
0.00
0.00
0.00
0.00
0.00
0.00
0.00
0.00
0.00
0.00
0.00
0.00
0.00
0.00
0.00
0.00
0.00
0.00
0.00
0.00
0.00
0.00
0.00
0.00
0.00
0.00
0.00
0.00
0.00
0.00
0.00
0.00
0.00
0.00
0.00
0.00
0.00
0.00
0.00
0.00
0.00
0.00
0.00
0.00
0.00
0.00
0.00
0.00
0.00
0.00
0.00
0.00
0.00
0.00
0.00
0.00
0.00
0.00
0.00
0.00
0.00
0.00
0.00
0.00
0.00
0.00
0.00
0.00
0.00
0.00
0.00
0.00
0.00
0.00
0.00
0.00
0.00
0.00
0.00
0.00
0.00
7.85
0.00
0.00
0.00
0.00
0.00
0.00
0.00
0.00
0.00
0.00
0.00
0.00
0.00
0.00
0.00
0.00
0.00
0.00
0.00
0.00
0.00
0.00
0.00
0.00
0.00
0.00
0.00
0.00
0.00
0.00
0.00
0.00
0.00
0.00
0.00
0.00
0.00
0.00
