0.00
0.00
0.00
0.00
0.00
0.00
0.00
0.00
0.00
0.00
0.00
0.00
0.00
0.00
0.00
0.00
0.00
0.00
0.00
0.00
0.00
0.00
0.00
0.00
0.00
0.00
0.00
0.00
0.00
0.00
0.00
0.00
0.00
0.00
0.00
0.00
0.00
0.00
0.00
0.00
0.00
0.00
0.00
0.00
0.00
0.00
0.00
0.00
0.00
0.00
0.00
0.00
0.00
0.00
0.00
0.00
0.00
0.00
0.00
0.00
0.00
0.00
0.00
0.00
0.00
0.00
0.00
0.00
0.00
0.00
0.00
0.00
0.00
0.00
0.00
0.00
0.00
0.00
0.00
0.00
61.38
0.00
0.00
0.00
63.53
0.00
0.00
0.00
60.86
0.00
0.00
0.00
63.53
0.00
0.00
0.00
60.60
0.00
0.00
0.00
65.94
0.00
0.00
0.00
63.11
0.00
0.00
0.00
56.63
0.00
0.00
0.00
68.28
0.00
0.00
0.00
67.86
0.00
0.00
0.00
59.29
0.00
0.00
0.00
59.73
0.00
0.00
0.00
65.09
0.00
0.00
0.00
57.29
0.00
0.00
0.00
66.52
0.00
0.00
0.00
58.20
0.00
0.00
0.00
65.86
0.00
0.00
0.00
72.88
0.00
0.00
0.00
65.08
0.00
0.00
0.00
67.99
0.00
0.00
0.00
54.78
0.00
0.00
0.00
62.52
0.00
0.00
0.00
59.06
0.00
0.00
0.00
61.53
0.00
0.00
0.00
53.10
0.00
0.00
0.00
59.52
0.00
0.00
0.00
64.72
0.00
0.00
0.00
70.61
0.00
0.00
0.00
67.58
0.00
0.00
0.00
67.38
0.00
0.00
0.00
72.36
0.00
0.00
0.00
57.83
0.00
0.00
0.00
52.60
0.00
0.00
0.00
64.52
0.00
0.00
0.00
62.71
0.00
0.00
0.00
51.95
0.00
0.00
0.00
52.08
0.00
0.00
0.00
71.06
0.00
0.00
0.00
54.96
0.00
0.00
0.00
68.92
0.00
0.00
0.00
52.59
0.00
0.00
0.00
59.07
0.00
0.00
0.00
60.28
0.00
0.00
0.00
52.38
0.00
0.00
0.00
57.51
0.00
0.00
0.00
56.20
0.00
0.00
0.00
56.36
0.00
0.00
0.00
67.04
0.00
0.00
0.00
53.02
0.00
0.00
0.00
66.17
0.00
0.00
0.00
57.13
0.00
0.00
0.00
64.85
0.00
0.00
0.00
59.86
0.00
0.00
0.00
58.19
0.00
0.00
0.00
61.34
0.00
0.00
0.00
51.09
0.00
0.00
0.00
67.93
0.00
0.00
0.00
60.72
0.00
0.00
0.00
61.29
0.00
0.00
0.00
66.16
0.00
0.00
0.00
59.13
0.00
0.00
0.00
64.67
0.00
0.00
0.00
54.24
0.00
0.00
0.00
66.97
0.00
0.00
0.00
71.36
0.00
0.00
0.00
64.33
0.00
0.00
0.00
52.63
0.00
0.00
0.00
60.27
0.00
0.00
0.00
55.53
0.00
0.00
0.00
52.84
0.00
0.00
0.00
62.32
0.00
0.00
0.00
57.42
0.00
0.00
0.00
58.72
0.00
0.00
0.00
55.80
0.00
0.00
0.00
55.46
0.00
0.00
0.00
62.87
0.00
0.00
0.00
50.86
0.00
0.00
0.00
65.70
0.00
0.00
0.00
50.68
0.00
0.00
0.00
68.72
0.00
0.00
0.00
50.39
0.00
0.00
0.00
58.92
0.00
0.00
0.00
56.36
0.00
0.00
0.00
59.02
0.00
0.00
0.00
68.05
0.00
0.00
0.00
62.68
0.00
0.00
0.00
60.31
0.00
0.00
0.00
63.73
0.00
0.00
0.00
60.47
0.00
0.00
0.00
52.35
0.00
0.00
0.00
59.13
0.00
0.00
0.00
62.19
0.00
0.00
0.00
41.60
0.00
0.00
0.00
54.26
0.00
0.00
0.00
59.66
0.00
0.00
0.00
69.30
0.00
0.00
0.00
59.90
0.00
0.00
0.00
69.82
0.00
0.00
0.00
60.53
0.00
0.00
0.00
65.88
0.00
0.00
0.00
55.35
0.00
0.00
0.00
59.73
0.00
0.00
0.00
56.30
0.00
0.00
0.00
43.65
0.00
0.00
0.00
68.57
0.00
0.00
0.00
52.17
0.00
0.00
0.00
64.08
0.00
0.00
0.00
65.29
0.00
0.00
0.00
57.86
0.00
0.00
0.00
62.32
0.00
0.00
0.00
60.77
0.00
0.00
0.00
66.51
0.00
0.00
0.00
62.15
0.00
0.00
0.00
66.98
0.00
0.00
0.00
56.11
0.00
0.00
0.00
55.85
0.00
0.00
0.00
67.97
0.00
0.00
0.00
63.22
0.00
0.00
0.00
89.93
0.00
0.00
0.00
59.99
0.00
0.00
0.00
69.25
0.00
0.00
0.00
63.31
0.00
0.00
0.00
60.17
0.00
0.00
0.00
63.71
0.00
0.00
0.00
60.59
0.00
0.00
0.00
61.23
0.00
0.00
0.00
64.95
0.00
0.00
0.00
63.93
0.00
0.00
0.00
67.84
0.00
0.00
0.00
59.12
0.00
0.00
0.00
67.89
0.00
0.00
0.00
59.58
0.00
0.00
0.00
24.78
0.00
0.00
0.00
0.00
0.00
0.00
0.00
0.00
0.00
0.00
0.00
0.00
0.00
0.00
0.00
0.00
0.00
0.00
0.00
0.00
0.00
0.00
0.00
0.00
0.00
0.00
0.00
0.00
0.00
0.00
0.00
0.00
0.00
0.00
0.00
0.00
0.00
0.00
0.00
0.00
0.00
0.00
0.00
0.00
0.00
0.00
0.00
0.00
0.00
0.00
0.00
0.00
0.00
0.00
0.00
0.00
0.00
0.00
0.00
0.00
0.00
0.00
0.00
0.00
0.00
0.00
0.00
0.00
0.00
0.00
0.00
0.00
0.00
0.00
0.00
0.00
0.00
0.00
0.00
0.00
0.00
0.00
0.00
0.00
0.00
0.00
0.00
0.00
0.00
0.00
0.00
0.00
0.00
0.00
0.00
0.00
0.00
0.00
0.00
0.00
0.00
0.00
0.00
0.00
0.00
0.00
0.00
0.00
0.00
0.00
0.00
0.00
0.00
0.00
0.00
0.00
0.00
0.00
0.00
0.00
0.00
0.00
0.00
0.00
0.00
0.00
0.00
0.00
0.00
0.00
0.00
0.00
0.00
0.00
0.00
0.00
0.00
0.00
0.00
0.00
0.00
0.00
0.00
0.00
0.00
0.00
0.00
0.00
0.00
0.00
0.00
0.00
0.00
0.00
0.00
0.00
0.00
0.00
0.00
0.00
0.00
0.00
0.00
0.00
0.00
0.00
0.00
0.00
0.00
0.00
0.00
0.00
0.00
0.00
0.00
0.00
0.00
0.00
0.00
0.00
0.00
0.00
0.00
0.00
0.00
0.00
0.00
0.00
0.00
0.00
0.00
0.00
0.00
0.00
0.00
0.00
0.00
0.00
0.00
0.00
0.00
0.00
0.00
0.00
0.00
0.00
0.00
0.00
0.00
0.00
0.00
0.00
0.00
0.00
0.00
0.00
0.00
0.00
0.00
0.00
0.00
0.00
0.00
0.00
0.00
0.00
0.00
0.00
0.00
0.00
0.00
0.00
0.00
0.00
0.00
0.00
0.00
0.00
0.00
0.00
0.00
0.00
0.00
0.00
0.00
0.00
0.00
0.00
0.00
0.00
0.00
0.00
0.00
0.00
0.00
0.00
0.00
0.00
0.00
0.00
0.00
0.00
0.00
0.00
0.00
0.00
12.28
0.00
0.00
0.00
0.00
0.00
0.00
0.00
0.00
0.00
0.00
0.00
0.00
0.00
0.00
0.00
0.00
0.00
0.00
0.00
0.00
0.00
0.00
0.00
0.00
0.00
0.00
0.00
0.00
0.00
0.00
0.00
0.00
0.00
0.00
0.00
0.00
0.00
0.00
