0.00
0.00
0.00
0.00
0.00
0.00
0.00
0.00
0.00
0.00
0.00
0.00
0.00
0.00
0.00
0.00
0.00
0.00
0.00
0.00
0.00
0.00
0.00
0.00
0.00
0.00
0.00
0.00
0.00
0.00
0.00
0.00
0.00
0.00
0.00
0.00
0.00
0.00
0.00
0.00
0.00
0.00
0.00
0.00
0.00
0.00
0.00
0.00
0.00
0.00
0.00
0.00
0.00
0.00
0.00
0.00
0.00
0.00
0.00
0.00
0.00
0.00
0.00
0.00
0.00
0.00
0.00
0.00
0.00
0.00
0.00
0.00
0.00
0.00
0.00
0.00
0.00
0.00
0.00
64.36
0.00
0.00
0.00
65.05
0.00
0.00
0.00
66.67
0.00
0.00
0.00
53.98
0.00
0.00
0.00
58.96
0.00
0.00
0.00
71.09
0.00
0.00
0.00
54.93
0.00
0.00
0.00
52.77
0.00
0.00
0.00
63.79
0.00
0.00
0.00
69.52
0.00
0.00
0.00
57.25
0.00
0.00
0.00
56.28
0.00
0.00
0.00
62.14
0.00
0.00
0.00
56.03
0.00
0.00
0.00
74.96
0.00
0.00
0.00
62.33
0.00
0.00
0.00
59.53
0.00
0.00
0.00
60.80
0.00
0.00
0.00
62.35
0.00
0.00
0.00
72.49
0.00
0.00
0.00
53.41
0.00
0.00
0.00
69.65
0.00
0.00
0.00
61.34
0.00
0.00
0.00
50.74
0.00
0.00
0.00
53.86
0.00
0.00
0.00
64.22
0.00
0.00
0.00
60.92
0.00
0.00
0.00
69.37
0.00
0.00
0.00
67.44
0.00
0.00
0.00
61.04
0.00
0.00
0.00
59.60
0.00
0.00
0.00
69.64
0.00
0.00
0.00
63.89
0.00
0.00
0.00
62.89
0.00
0.00
0.00
59.98
0.00
0.00
0.00
65.90
0.00
0.00
0.00
59.69
0.00
0.00
0.00
61.22
0.00
0.00
0.00
56.54
0.00
0.00
0.00
63.78
0.00
0.00
0.00
70.53
0.00
0.00
0.00
48.89
0.00
0.00
0.00
53.52
0.00
0.00
0.00
63.99
0.00
0.00
0.00
55.73
0.00
0.00
0.00
53.53
0.00
0.00
0.00
58.05
0.00
0.00
0.00
66.60
0.00
0.00
0.00
52.64
0.00
0.00
0.00
63.43
0.00
0.00
0.00
56.90
0.00
0.00
0.00
67.24
0.00
0.00
0.00
61.18
0.00
0.00
0.00
63.96
0.00
0.00
0.00
63.77
0.00
0.00
0.00
63.25
0.00
0.00
0.00
63.75
0.00
0.00
0.00
65.08
0.00
0.00
0.00
53.05
0.00
0.00
0.00
59.42
0.00
0.00
0.00
64.38
0.00
0.00
0.00
59.35
0.00
0.00
0.00
67.44
0.00
0.00
0.00
64.47
0.00
0.00
0.00
59.05
0.00
0.00
0.00
56.97
0.00
0.00
0.00
65.07
0.00
0.00
0.00
62.52
0.00
0.00
0.00
0.00
0.00
0.00
0.00
68.19
0.00
0.00
0.00
69.18
0.00
0.00
0.00
58.43
0.00
0.00
0.00
54.42
0.00
0.00
0.00
58.17
0.00
0.00
0.00
31.49
0.00
0.00
0.00
66.38
0.00
0.00
0.00
56.91
0.00
0.00
0.00
61.89
0.00
0.00
0.00
53.23
0.00
0.00
0.00
50.48
0.00
0.00
0.00
59.98
0.00
0.00
0.00
64.63
0.00
0.00
0.00
54.09
0.00
0.00
0.00
60.65
0.00
0.00
0.00
60.09
0.00
0.00
0.00
69.27
0.00
0.00
0.00
61.01
0.00
0.00
0.00
56.93
0.00
0.00
0.00
67.20
0.00
0.00
0.00
63.07
0.00
0.00
0.00
24.14
0.00
0.00
0.00
99.99
0.00
0.00
0.00
99.99
0.00
0.00
0.00
76.53
0.00
0.00
0.00
0.00
0.00
0.00
0.00
99.99
0.00
0.00
0.00
0.00
0.00
0.00
0.00
69.50
0.00
0.00
0.00
72.94
0.00
0.00
0.00
63.52
0.00
0.00
0.00
68.78
0.00
0.00
0.00
61.29
0.00
0.00
0.00
61.49
0.00
0.00
0.00
60.60
0.00
0.00
0.00
62.32
0.00
0.00
0.00
59.88
0.00
0.00
0.00
67.71
0.00
0.00
0.00
73.28
0.00
0.00
0.00
71.23
0.00
0.00
0.00
64.97
0.00
0.00
0.00
71.91
0.00
0.00
0.00
59.80
0.00
0.00
0.00
61.35
0.00
0.00
0.00
56.08
0.00
0.00
0.00
49.32
0.00
0.00
0.00
59.79
0.00
0.00
0.00
60.92
0.00
0.00
0.00
55.83
0.00
0.00
0.00
56.26
0.00
0.00
0.00
63.56
0.00
0.00
0.00
70.02
0.00
0.00
0.00
64.24
0.00
0.00
0.00
62.02
0.00
0.00
0.00
64.64
0.00
0.00
0.00
76.80
0.00
0.00
0.00
64.27
0.00
0.00
0.00
58.09
0.00
0.00
0.00
35.92
0.00
0.00
0.00
58.53
0.00
0.00
0.00
56.33
0.00
0.00
0.00
48.83
0.00
0.00
0.00
65.73
0.00
0.00
0.00
52.24
0.00
0.00
0.00
58.65
0.00
0.00
0.00
66.33
0.00
0.00
0.00
64.27
0.00
0.00
0.00
64.44
0.00
0.00
0.00
60.53
0.00
0.00
0.00
59.56
0.00
0.00
0.00
57.96
0.00
0.00
0.00
68.01
0.00
0.00
0.00
73.23
0.00
0.00
0.00
64.41
0.00
0.00
0.00
65.91
0.00
0.00
0.00
47.75
0.00
0.00
0.00
57.59
0.00
0.00
0.00
67.36
0.00
0.00
0.00
40.99
0.00
0.00
0.00
80.72
0.00
0.00
0.00
34.67
0.00
0.00
0.00
73.22
0.00
0.00
0.00
76.47
0.00
0.00
0.00
49.55
0.00
0.00
0.00
56.93
0.00
0.00
0.00
67.17
0.00
0.00
0.00
60.11
0.00
0.00
0.00
64.35
0.00
0.00
0.00
57.06
0.00
0.00
0.00
61.10
0.00
0.00
0.00
56.48
0.00
0.00
0.00
57.66
0.00
0.00
0.00
61.01
0.00
0.00
0.00
59.11
0.00
0.00
0.00
55.45
0.00
0.00
0.00
66.68
0.00
0.00
0.00
58.91
0.00
0.00
0.00
74.15
0.00
0.00
0.00
66.19
0.00
0.00
0.00
61.27
0.00
0.00
0.00
70.29
0.00
0.00
0.00
63.32
0.00
0.00
0.00
63.41
0.00
0.00
0.00
52.32
0.00
0.00
0.00
56.64
0.00
0.00
0.00
52.39
0.00
0.00
0.00
61.44
0.00
0.00
0.00
62.44
0.00
0.00
0.00
61.16
0.00
0.00
0.00
67.79
0.00
0.00
0.00
67.04
0.00
0.00
0.00
69.52
0.00
0.00
0.00
27.73
0.00
0.00
0.00
22.03
0.00
0.00
0.00
0.00
0.00
0.00
0.00
0.00
0.00
0.00
0.00
0.00
0.00
0.00
0.00
0.00
0.00
0.00
0.00
0.00
0.00
0.00
0.00
0.00
0.00
0.00
0.00
0.00
0.00
0.00
0.00
0.00
0.00
0.00
0.00
0.00
0.00
0.00
0.00
0.00
0.00
0.00
0.00
0.00
0.00
0.00
0.00
0.00
0.00
0.00
0.00
0.00
0.00
0.00
0.00
0.00
0.00
0.00
0.00
0.00
0.00
0.00
0.00
0.00
0.00
0.00
0.00
0.00
0.00
0.00
0.00
0.00
0.00
0.00
0.00
0.00
0.00
0.00
0.00
0.00
0.00
0.00
0.00
0.00
0.00
0.00
0.00
0.00
0.00
0.00
0.00
0.00
0.00
0.00
0.00
0.00
0.00
0.00
0.00
0.00
0.00
0.00
0.00
0.00
0.00
0.00
0.00
0.00
0.00
0.00
0.00
0.00
0.00
0.00
0.00
0.00
0.00
0.00
0.00
0.00
0.00
0.00
0.00
0.00
0.00
0.00
0.00
0.00
0.00
0.00
0.00
0.00
0.00
0.00
0.00
0.00
0.00
0.00
0.00
0.00
0.00
0.00
0.00
0.00
0.00
0.00
0.00
0.00
0.00
0.00
0.00
0.00
0.00
0.00
0.00
0.00
0.00
0.00
0.00
0.00
0.00
0.00
0.00
0.00
0.00
0.00
0.00
0.00
0.00
0.00
0.00
0.00
0.00
0.00
0.00
0.00
0.00
0.00
0.00
0.00
0.00
0.00
0.00
0.00
0.00
0.00
0.00
0.00
0.00
0.00
0.00
0.00
0.00
0.00
0.00
0.00
0.00
0.00
0.00
0.00
0.00
0.00
0.00
0.00
0.00
0.00
0.00
0.00
0.00
0.00
0.00
0.00
0.00
0.00
0.00
0.00
0.00
0.00
0.00
0.00
0.00
0.00
0.00
0.00
0.00
0.00
0.00
0.00
0.00
0.00
0.00
0.00
0.00
0.00
0.00
0.00
0.00
0.00
0.00
0.00
0.00
0.00
0.00
0.00
0.00
0.00
0.00
0.00
0.00
0.00
0.00
0.00
0.00
0.00
0.00
0.00
0.00
0.00
0.00
0.00
0.00
0.00
0.00
0.00
0.00
0.00
0.00
0.00
0.00
0.00
0.00
0.00
0.00
0.00
0.00
0.00
0.00
0.00
0.00
0.00
0.00
0.00
0.00
0.00
0.00
0.00
0.00
0.00
0.00
0.00
0.00
0.00
0.00
0.00
0.00
0.00
0.00
0.00
0.00
0.00
0.00
0.00
0.00
0.00
0.00
0.00
0.00
0.00
0.00
0.00
0.00
0.00
0.00
0.00
0.00
0.00
0.00
0.00
0.00
0.00
0.00
27.71
2.40
0.00
0.00
0.00
0.00
0.00
0.00
0.00
0.00
0.00
0.00
0.00
0.00
0.00
0.00
0.00
0.00
0.00
0.00
0.00
0.00
0.00
0.00
0.00
0.00
0.00
0.00
0.00
0.00
0.00
0.00
0.00
0.00
0.00
25.36
0.00
0.00
0.00
0.00
0.00
0.00
0.00
0.00
0.00
0.00
0.00
0.00
0.00
0.00
0.00
0.00
0.00
0.00
0.00
0.00
0.00
0.00
0.00
0.00
0.00
0.00
0.00
0.00
0.00
0.00
0.00
0.00
0.00
0.00
0.00
0.00
0.00
