0.00
0.00
0.00
0.00
0.00
0.00
0.00
0.00
0.00
0.00
0.00
0.00
0.00
0.00
0.00
0.00
0.00
0.00
0.00
0.00
0.00
0.00
0.00
0.00
0.00
0.00
0.00
0.00
0.00
0.00
0.00
0.00
0.00
0.00
0.00
0.00
0.00
0.00
0.00
0.00
0.00
0.00
0.00
0.00
0.00
0.00
0.00
0.00
0.00
0.00
0.00
0.00
0.00
0.00
0.00
0.00
0.00
0.00
0.00
0.00
0.00
0.00
0.00
0.00
0.00
0.00
0.00
0.00
0.00
0.00
0.00
0.00
0.00
0.00
0.00
0.00
0.00
0.00
0.00
0.00
0.00
0.00
0.00
0.00
68.11
0.00
0.00
0.00
55.19
0.00
0.00
0.00
75.25
0.00
0.00
0.00
61.24
0.00
0.00
0.00
57.52
0.00
0.00
0.00
59.55
0.00
0.00
0.00
70.23
0.00
0.00
0.00
62.59
0.00
0.00
0.00
65.93
0.00
0.00
0.00
63.63
0.00
0.00
0.00
56.73
0.00
0.00
0.00
62.69
0.00
0.00
0.00
59.90
0.00
0.00
0.00
61.39
0.00
0.00
0.00
57.86
0.00
0.00
0.00
63.03
0.00
0.00
0.00
51.40
0.00
0.00
0.00
49.53
0.00
0.00
0.00
51.28
0.00
0.00
0.00
67.28
0.00
0.00
0.00
61.27
0.00
0.00
0.00
59.24
0.00
0.00
0.00
64.48
0.00
0.00
0.00
59.67
0.00
0.00
0.00
65.34
0.00
0.00
0.00
55.61
0.00
0.00
0.00
56.92
0.00
0.00
0.00
48.16
0.00
0.00
0.00
74.55
0.00
0.00
0.00
70.41
0.00
0.00
0.00
61.97
0.00
0.00
0.00
52.80
0.00
0.00
0.00
63.20
0.00
0.00
0.00
57.40
0.00
0.00
0.00
53.67
0.00
0.00
0.00
57.84
0.00
0.00
0.00
62.64
0.00
0.00
0.00
63.00
0.00
0.00
0.00
58.37
0.00
0.00
0.00
62.15
0.00
0.00
0.00
53.55
0.00
0.00
0.00
62.99
0.00
0.00
0.00
0.00
0.00
0.00
0.00
54.95
0.00
0.00
0.00
99.99
0.00
0.00
0.00
64.01
0.00
0.00
0.00
57.46
0.00
0.00
0.00
59.07
0.00
0.00
0.00
58.75
0.00
0.00
0.00
62.98
0.00
0.00
0.00
64.53
0.00
0.00
0.00
63.50
0.00
0.00
0.00
66.55
0.00
0.00
0.00
64.89
0.00
0.00
0.00
60.08
0.00
0.00
0.00
58.73
0.00
0.00
0.00
70.31
0.00
0.00
0.00
61.58
0.00
0.00
0.00
51.28
0.00
0.00
0.00
53.46
0.00
0.00
0.00
68.44
0.00
0.00
0.00
65.86
0.00
0.00
0.00
61.04
0.00
0.00
0.00
70.03
0.00
0.00
0.00
62.73
0.00
0.00
0.00
62.39
0.00
0.00
0.00
63.52
0.00
0.00
0.00
60.69
0.00
0.00
0.00
99.99
0.00
0.00
0.00
52.61
0.00
0.00
0.00
79.26
0.00
0.00
0.00
54.08
0.00
0.00
0.00
69.91
0.00
0.00
0.00
60.88
0.00
0.00
0.00
59.04
0.00
0.00
0.00
53.26
0.00
0.00
0.00
49.37
0.00
0.00
0.00
51.58
0.00
0.00
0.00
65.28
0.00
0.00
0.00
66.58
0.00
0.00
0.00
68.48
0.00
0.00
0.00
65.22
0.00
0.00
0.00
67.41
0.00
0.00
0.00
50.94
0.00
0.00
0.00
50.16
0.00
0.00
0.00
61.52
0.00
0.00
0.00
57.97
0.00
0.00
0.00
63.07
0.00
0.00
0.00
56.97
0.00
0.00
0.00
0.00
0.00
0.00
0.00
0.00
0.00
0.00
0.00
66.09
0.00
0.00
0.00
45.85
0.00
0.00
0.00
80.04
0.00
0.00
0.00
0.00
0.00
0.00
0.00
0.00
0.00
0.00
0.00
46.81
0.00
0.00
0.00
51.24
0.00
0.00
0.00
63.68
0.00
0.00
0.00
64.15
0.00
0.00
0.00
61.99
0.00
0.00
0.00
57.88
0.00
0.00
0.00
66.29
0.00
0.00
0.00
63.46
0.00
0.00
0.00
59.11
0.00
0.00
0.00
59.18
0.00
0.00
0.00
66.92
0.00
0.00
0.00
56.24
0.00
0.00
0.00
54.26
0.00
0.00
0.00
55.06
0.00
0.00
0.00
59.42
0.00
0.00
0.00
62.87
0.00
0.00
0.00
60.71
0.00
0.00
0.00
52.41
0.00
0.00
0.00
61.04
0.00
0.00
0.00
59.56
0.00
0.00
0.00
66.80
0.00
0.00
0.00
99.99
0.00
0.00
0.00
58.85
0.00
0.00
0.00
55.06
0.00
0.00
0.00
54.83
0.00
0.00
0.00
54.31
0.00
0.00
0.00
59.87
0.00
0.00
0.00
58.49
0.00
0.00
0.00
52.68
0.00
0.00
0.00
53.25
0.00
0.00
0.00
66.23
0.00
0.00
0.00
71.72
0.00
0.00
0.00
61.90
0.00
0.00
0.00
62.75
0.00
0.00
0.00
62.32
0.00
0.00
0.00
53.41
0.00
0.00
0.00
65.52
0.00
0.00
0.00
50.24
0.00
0.00
0.00
54.65
0.00
0.00
0.00
53.61
0.00
0.00
0.00
64.40
0.00
0.00
0.00
63.02
0.00
0.00
0.00
50.74
0.00
0.00
0.00
63.25
0.00
0.00
0.00
60.22
0.00
0.00
0.00
56.51
0.00
0.00
0.00
58.00
0.00
0.00
0.00
60.09
0.00
0.00
0.00
50.95
0.00
0.00
0.00
0.00
0.00
0.00
0.00
0.00
0.00
0.00
0.00
99.99
0.00
0.00
0.00
0.00
0.00
0.00
0.00
0.00
0.00
0.00
0.00
0.00
0.00
0.00
0.00
0.00
0.00
0.00
0.00
0.00
0.00
0.00
0.00
0.00
0.00
0.00
0.00
0.00
0.00
0.00
0.00
99.99
0.00
0.00
0.00
56.95
0.00
0.00
0.00
66.33
0.00
0.00
0.00
56.61
0.00
0.00
0.00
68.50
0.00
0.00
0.00
53.67
0.00
0.00
0.00
58.78
0.00
0.00
0.00
51.79
0.00
0.00
0.00
65.33
0.00
0.00
0.00
63.58
0.00
0.00
0.00
51.39
0.00
0.00
0.00
86.07
0.00
0.00
0.00
62.28
0.00
0.00
0.00
64.78
0.00
0.00
0.00
54.92
0.00
0.00
0.00
64.31
0.00
0.00
0.00
59.65
0.00
0.00
0.00
72.71
0.00
0.00
0.00
56.12
0.00
0.00
0.00
59.87
0.00
0.00
0.00
61.55
0.00
0.00
0.00
58.41
0.00
0.00
0.00
60.77
0.00
0.00
0.00
62.26
0.00
0.00
0.00
69.31
0.00
0.00
0.00
64.73
0.00
0.00
0.00
61.74
0.00
0.00
0.00
54.81
0.00
0.00
0.00
67.16
0.00
0.00
0.00
48.26
0.00
0.00
0.00
59.37
0.00
0.00
0.00
54.91
0.00
0.00
0.00
54.35
0.00
0.00
0.00
58.83
0.00
0.00
0.00
63.67
0.00
0.00
0.00
64.46
0.00
0.00
0.00
68.83
0.00
0.00
0.00
52.39
0.00
0.00
0.00
59.23
0.00
0.00
0.00
59.97
0.00
0.00
0.00
63.95
0.00
0.00
0.00
63.07
0.00
0.00
0.00
64.57
0.00
0.00
0.00
57.96
0.00
0.00
0.00
51.04
0.00
0.00
0.00
58.61
0.00
0.00
0.00
56.73
0.00
0.00
0.00
61.12
0.00
0.00
0.00
70.89
0.00
0.00
0.00
0.00
0.00
0.00
0.00
0.00
0.00
0.00
0.00
99.99
0.00
0.00
0.00
0.00
0.00
0.00
0.00
45.19
0.00
0.00
0.00
84.95
0.00
0.00
0.00
40.76
0.00
0.00
0.00
57.18
0.00
0.00
0.00
71.93
0.00
0.00
0.00
60.32
0.00
0.00
0.00
60.75
0.00
0.00
0.00
55.83
24.62
0.00
0.00
57.66
0.00
0.00
0.00
48.02
0.00
0.00
0.00
53.33
0.00
0.00
0.00
67.89
0.00
0.00
0.00
57.75
0.00
0.00
0.00
47.52
0.00
0.00
0.00
63.68
0.00
0.00
0.00
58.50
0.00
0.00
0.00
63.74
0.00
0.00
0.00
58.84
0.00
0.00
0.00
73.19
0.00
0.00
0.00
56.02
0.00
0.00
0.00
91.19
0.00
0.00
0.00
52.84
0.00
0.00
0.00
59.53
0.00
0.00
0.00
69.58
0.00
0.00
0.00
69.34
0.00
0.00
0.00
59.05
0.00
0.00
0.00
62.22
0.00
0.00
0.00
54.87
0.00
0.00
0.00
57.27
0.00
0.00
0.00
61.15
0.00
0.00
0.00
52.06
0.00
0.00
0.00
63.93
0.00
0.00
0.00
59.69
0.00
0.00
0.00
51.99
0.00
0.00
0.00
46.57
0.00
0.00
0.00
64.04
0.00
0.00
0.00
66.21
0.00
0.00
0.00
61.33
0.00
0.00
0.00
54.80
0.00
0.00
0.00
59.44
0.00
0.00
0.00
65.27
0.00
0.00
0.00
57.44
0.00
0.00
0.00
54.19
0.00
0.00
0.00
58.12
0.00
0.00
0.00
49.89
0.00
0.00
0.00
58.56
0.00
0.00
0.00
48.83
0.00
0.00
0.00
55.54
0.00
0.00
0.00
54.07
0.00
0.00
0.00
61.35
0.00
0.00
0.00
61.46
0.00
0.00
0.00
48.77
0.00
0.00
0.00
66.12
0.00
0.00
0.00
63.15
0.00
0.00
0.00
53.20
0.00
0.00
0.00
62.29
0.00
0.00
0.00
45.54
0.00
0.00
0.00
65.20
0.00
0.00
0.00
64.24
0.00
0.00
0.00
62.27
0.00
0.00
0.00
66.81
0.00
0.00
0.00
60.98
0.00
0.00
0.00
69.80
0.00
0.00
0.00
49.27
0.00
0.00
0.00
65.89
0.00
0.00
0.00
57.48
0.00
0.00
0.00
62.77
0.00
0.00
0.00
70.96
0.00
0.00
0.00
67.19
0.00
0.00
0.00
55.73
0.00
0.00
0.00
59.94
0.00
0.00
0.00
58.05
0.00
0.00
0.00
57.79
0.00
0.00
0.00
63.26
0.00
0.00
0.00
62.02
0.00
0.00
0.00
66.26
0.00
0.00
0.00
63.82
0.00
0.00
0.00
64.95
0.00
0.00
0.00
13.25
0.00
0.00
0.00
16.14
0.00
0.00
0.00
0.00
0.00
0.00
0.00
0.00
0.00
0.00
0.00
0.00
0.00
0.00
0.00
0.00
0.00
0.00
0.00
0.00
0.00
0.00
0.00
0.00
0.00
0.00
0.00
0.00
0.00
0.00
0.00
0.00
0.00
0.00
0.00
0.00
0.00
0.00
0.00
0.00
0.00
0.00
0.00
0.00
0.00
0.00
0.00
0.00
0.00
0.00
0.00
0.00
0.00
0.00
0.00
0.00
0.00
0.00
0.00
0.00
0.00
0.00
0.00
0.00
0.00
0.00
0.00
0.00
0.00
0.00
0.00
0.00
0.00
0.00
0.00
0.00
0.00
0.00
0.00
0.00
0.00
0.00
0.00
0.00
0.00
0.00
0.00
0.00
0.00
0.00
0.00
0.00
0.00
0.00
0.00
0.00
0.00
0.00
0.00
0.00
0.00
0.00
0.00
0.00
0.00
0.00
0.00
0.00
0.00
0.00
0.00
0.00
0.00
0.00
0.00
0.00
0.00
0.00
0.00
0.00
0.00
0.00
0.00
0.00
0.00
0.00
0.00
0.00
0.00
0.00
0.00
0.00
0.00
0.00
0.00
0.00
0.00
0.00
0.00
0.00
0.00
0.00
0.00
0.00
0.00
0.00
0.00
0.00
0.00
0.00
0.00
0.00
0.00
0.00
0.00
0.00
0.00
0.00
0.00
0.00
0.00
0.00
0.00
0.00
0.00
0.00
0.00
0.00
0.00
0.00
0.00
0.00
0.00
0.00
0.00
0.00
0.00
0.00
0.00
0.00
0.00
0.00
0.00
0.00
0.00
0.00
0.00
0.00
0.00
0.00
0.00
0.00
0.00
0.00
0.00
0.00
0.00
0.00
0.00
0.00
0.00
0.00
0.00
0.00
0.00
0.00
0.00
0.00
0.00
0.00
0.00
0.00
0.00
0.00
0.00
0.00
0.00
0.00
0.00
0.00
0.00
0.00
0.00
0.00
0.00
0.00
0.00
0.00
0.00
0.00
0.00
0.00
0.00
0.00
0.00
0.00
0.00
0.00
0.00
0.00
0.00
0.00
0.00
0.00
0.00
0.00
0.00
0.00
0.00
0.00
0.00
0.00
0.00
0.00
0.00
0.00
0.00
0.00
0.00
0.00
0.00
0.00
0.00
0.00
0.00
0.00
0.00
0.00
0.00
0.00
0.00
0.00
0.00
0.00
0.00
0.00
0.00
0.00
0.00
0.00
0.00
0.00
0.00
0.00
0.00
0.00
0.00
0.00
0.00
0.00
0.00
0.00
0.00
0.00
0.00
0.00
0.00
0.00
0.00
0.00
0.00
0.00
0.00
0.00
0.00
0.00
0.00
0.00
0.00
0.00
0.00
0.00
0.00
0.00
0.00
0.00
0.00
0.00
0.00
0.00
0.00
0.00
0.00
0.00
19.29
0.00
0.00
0.00
0.00
0.00
0.00
0.00
0.00
0.00
0.00
0.00
0.00
0.00
0.00
0.00
0.00
0.00
0.00
0.00
10.62
0.00
0.00
0.00
27.78
0.00
0.00
0.00
0.00
0.00
0.00
0.00
0.00
0.00
0.00
0.00
0.00
0.00
0.00
0.00
0.00
0.00
0.00
0.00
0.00
0.00
0.00
0.00
0.00
0.00
0.00
0.00
0.00
0.00
0.00
0.00
0.00
0.00
0.00
0.00
0.00
0.00
0.00
