0.00
0.00
0.00
0.00
0.00
0.00
0.00
0.00
0.00
0.00
0.00
0.00
0.00
0.00
0.00
0.00
0.00
0.00
0.00
0.00
0.00
0.00
0.00
0.00
0.00
0.00
0.00
0.00
0.00
0.00
0.00
0.00
0.00
0.00
0.00
0.00
0.00
0.00
0.00
0.00
0.00
0.00
0.00
0.00
0.00
0.00
0.00
0.00
0.00
0.00
0.00
0.00
0.00
0.00
0.00
0.00
0.00
0.00
0.00
0.00
0.00
0.00
0.00
0.00
0.00
0.00
0.00
0.00
0.00
0.00
0.00
0.00
0.00
0.00
0.00
0.00
0.00
0.00
0.00
0.00
58.77
0.00
0.00
0.00
63.21
0.00
0.00
0.00
63.79
0.00
0.00
0.00
62.85
0.00
0.00
0.00
71.32
0.00
0.00
0.00
69.43
0.00
0.00
0.00
63.95
0.00
0.00
0.00
61.18
0.00
0.00
0.00
70.34
0.00
0.00
0.00
47.93
0.00
0.00
0.00
60.84
0.00
0.00
0.00
65.55
0.00
0.00
0.00
60.30
0.00
0.00
0.00
76.95
0.00
0.00
0.00
55.94
0.00
0.00
0.00
61.65
0.00
0.00
0.00
60.40
0.00
0.00
0.00
80.49
0.00
0.00
0.00
68.73
0.00
0.00
0.00
65.15
0.00
0.00
0.00
65.76
0.00
0.00
0.00
59.92
0.00
0.00
0.00
60.99
0.00
0.00
0.00
54.82
0.00
0.00
0.00
58.58
0.00
0.00
0.00
64.26
0.00
0.00
0.00
69.46
0.00
0.00
0.00
67.77
0.00
0.00
0.00
64.13
0.00
0.00
0.00
62.39
0.00
0.00
0.00
65.80
0.00
0.00
0.00
56.20
0.00
0.00
0.00
64.07
0.00
0.00
0.00
63.30
0.00
0.00
0.00
76.79
0.00
0.00
0.00
63.69
0.00
0.00
0.00
72.96
0.00
0.00
0.00
52.42
0.00
0.00
0.00
63.54
0.00
0.00
0.00
61.37
0.00
0.00
0.00
67.96
0.00
0.00
0.00
59.41
0.00
0.00
0.00
57.64
0.00
0.00
0.00
65.61
0.00
0.00
0.00
62.53
0.00
0.00
0.00
51.13
0.00
0.00
0.00
65.36
0.00
0.00
0.00
65.06
0.00
0.00
0.00
58.93
0.00
0.00
0.00
63.09
0.00
0.00
0.00
64.20
0.00
0.00
0.00
69.39
0.00
0.00
0.00
51.16
0.00
0.00
0.00
54.46
0.00
0.00
0.00
53.36
0.00
0.00
0.00
55.77
0.00
0.00
0.00
50.63
0.00
0.00
0.00
65.25
0.00
0.00
0.00
59.47
0.00
0.00
0.00
59.19
0.00
0.00
0.00
58.27
0.00
0.00
0.00
60.30
0.00
0.00
0.00
61.58
0.00
0.00
0.00
44.12
0.00
0.00
0.00
62.39
0.00
0.00
0.00
50.87
0.00
0.00
0.00
63.18
0.00
0.00
0.00
45.86
0.00
0.00
0.00
49.75
0.00
0.00
0.00
70.06
0.00
0.00
0.00
58.38
0.00
0.00
0.00
64.36
0.00
0.00
0.00
61.53
0.00
0.00
0.00
47.48
0.00
0.00
0.00
60.95
0.00
0.00
0.00
59.07
0.00
0.00
0.00
68.57
0.00
0.00
0.00
67.57
0.00
0.00
0.00
63.36
0.00
0.00
0.00
58.42
0.00
0.00
0.00
66.36
0.00
0.00
0.00
65.39
0.00
0.00
0.00
58.76
0.00
0.00
0.00
57.09
0.00
0.00
0.00
65.31
0.00
0.00
0.00
68.61
0.00
0.00
0.00
56.07
0.00
0.00
0.00
52.30
0.00
0.00
0.00
60.07
0.00
0.00
0.00
58.91
0.00
0.00
0.00
76.55
0.00
0.00
0.00
0.00
0.00
0.00
0.00
27.37
0.00
0.00
0.00
0.00
0.00
0.00
0.00
0.00
0.00
0.00
0.00
0.00
0.00
0.00
0.00
16.31
0.00
0.00
0.00
70.44
0.00
0.00
0.00
63.43
0.00
0.00
0.00
61.69
0.00
0.00
0.00
66.26
0.00
0.00
0.00
60.92
0.00
0.00
0.00
61.82
0.00
0.00
0.00
59.03
0.00
0.00
0.00
65.61
0.00
0.00
0.00
62.10
0.00
0.00
0.00
67.10
0.00
0.00
0.00
59.82
0.00
0.00
0.00
60.61
0.00
0.00
0.00
62.27
0.00
0.00
0.00
63.40
0.00
0.00
0.00
66.42
0.00
0.00
0.00
62.97
0.00
0.00
0.00
74.37
0.00
0.00
0.00
56.77
0.00
0.00
0.00
60.41
0.00
0.00
0.00
62.71
0.00
0.00
0.00
57.15
0.00
0.00
0.00
61.58
0.00
0.00
0.00
56.55
0.00
0.00
0.00
54.40
0.00
0.00
0.00
61.97
0.00
0.00
0.00
52.15
0.00
0.00
0.00
60.62
0.00
0.00
0.00
56.80
0.00
0.00
0.00
58.09
0.00
0.00
0.00
69.76
0.00
0.00
0.00
60.09
0.00
0.00
0.00
65.83
0.00
0.00
0.00
55.22
0.00
0.00
0.00
67.99
0.00
0.00
0.00
52.76
0.00
0.00
0.00
64.77
0.00
0.00
0.00
63.41
0.00
0.00
0.00
54.26
0.00
0.00
0.00
65.88
0.00
0.00
0.00
67.18
0.00
0.00
0.00
67.24
0.00
0.00
0.00
61.23
0.00
0.00
0.00
68.23
0.00
0.00
0.00
53.22
0.00
0.00
0.00
67.34
0.00
0.00
0.00
62.06
0.00
0.00
0.00
55.25
0.00
0.00
0.00
67.13
0.00
0.00
0.00
0.00
0.00
0.00
0.00
0.00
0.00
0.00
0.00
0.00
0.00
0.00
0.00
91.79
0.00
0.00
0.00
29.32
0.00
0.00
0.00
0.00
0.00
0.00
0.00
0.00
0.00
0.00
0.00
0.00
0.00
0.00
0.00
65.69
0.00
0.00
0.00
54.37
0.00
0.00
0.00
63.04
0.00
0.00
0.00
64.81
0.00
0.00
0.00
59.13
0.00
0.00
0.00
74.75
0.00
0.00
0.00
52.31
0.00
0.00
0.00
55.08
0.00
0.00
0.00
60.71
0.00
0.00
0.00
59.56
0.00
0.00
0.00
62.44
0.00
0.00
0.00
62.18
0.00
0.00
0.00
58.78
0.00
0.00
0.00
61.57
0.00
0.00
0.00
85.44
0.00
0.00
0.00
60.78
0.00
0.00
0.00
62.58
0.00
0.00
0.00
52.28
0.00
0.00
0.00
65.64
0.00
0.00
0.00
64.88
0.00
0.00
0.00
64.76
0.00
0.00
0.00
57.15
0.00
0.00
0.00
67.03
0.00
0.00
0.00
58.14
0.00
0.00
0.00
56.73
0.00
0.00
0.00
61.18
0.00
0.00
0.00
60.14
0.00
0.00
0.00
57.07
0.00
0.00
0.00
61.01
0.00
0.00
0.00
51.40
0.00
0.00
0.00
57.96
0.00
0.00
0.00
51.66
0.00
0.00
0.00
59.85
0.00
0.00
0.00
60.17
0.00
0.00
0.00
61.10
0.00
0.00
0.00
60.83
0.00
0.00
0.00
56.97
0.00
0.00
0.00
63.83
0.00
0.00
0.00
70.88
0.00
0.00
0.00
69.06
0.00
0.00
0.00
58.18
0.00
0.00
0.00
67.49
0.00
0.00
0.00
60.74
0.00
0.00
0.00
59.25
0.00
0.00
0.00
67.11
0.00
0.00
0.00
72.11
0.00
0.00
0.00
62.07
0.00
0.00
0.00
54.93
0.00
0.00
0.00
72.91
0.00
0.00
0.00
63.92
0.00
0.00
0.00
52.14
0.00
0.00
0.00
59.03
0.00
0.00
0.00
70.92
0.00
0.00
0.00
51.59
0.00
0.00
0.00
50.56
0.00
0.00
0.00
69.55
0.00
0.00
0.00
63.68
0.00
0.00
0.00
46.55
0.00
0.00
0.00
62.97
0.00
0.00
0.00
55.22
0.00
0.00
0.00
63.34
0.00
0.00
0.00
59.79
0.00
0.00
0.00
64.65
0.00
0.00
0.00
19.12
0.00
0.00
0.00
55.96
0.00
0.00
0.00
63.83
0.00
0.00
0.00
63.44
0.00
0.00
0.00
65.38
0.00
0.00
0.00
69.75
0.00
0.00
0.00
50.99
0.00
0.00
0.00
59.52
0.00
0.00
0.00
54.70
0.00
0.00
0.00
62.63
0.00
0.00
0.00
60.62
0.00
0.00
0.00
52.94
0.00
0.00
0.00
71.57
0.00
0.00
0.00
70.46
0.00
0.00
0.00
57.39
0.00
0.00
0.00
66.21
0.00
0.00
0.00
64.14
0.00
0.00
0.00
56.96
0.00
0.00
0.00
47.19
0.00
0.00
0.00
63.34
0.00
0.00
0.00
54.75
0.00
0.00
0.00
58.57
0.00
0.00
0.00
56.21
0.00
0.00
0.00
66.08
0.00
0.00
0.00
60.99
0.00
0.00
0.00
55.56
0.00
0.00
0.00
59.74
0.00
0.00
0.00
56.81
0.00
0.00
0.00
56.50
0.00
0.00
0.00
63.83
0.00
0.00
0.00
62.64
0.00
0.00
0.00
57.25
0.00
0.00
0.00
55.67
0.00
0.00
0.00
47.90
0.00
0.00
0.00
61.25
0.00
0.00
0.00
36.45
0.00
0.00
0.00
0.00
0.00
0.00
0.00
0.00
0.00
0.00
0.00
99.99
0.00
0.00
0.00
0.00
0.00
0.00
0.00
0.00
0.00
0.00
0.00
0.00
0.00
0.00
0.00
0.00
0.00
0.00
0.00
62.51
0.00
0.00
0.00
62.90
0.00
0.00
0.00
71.42
0.00
0.00
0.00
65.61
0.00
0.00
0.00
58.03
0.00
0.00
0.00
69.86
0.00
0.00
0.00
30.65
0.00
0.00
0.00
53.78
0.00
0.00
0.00
71.12
0.00
0.00
0.00
60.29
0.00
0.00
0.00
62.73
0.00
0.00
0.00
64.83
0.00
0.00
0.00
57.53
0.00
0.00
0.00
61.95
0.00
0.00
0.00
60.81
0.00
0.00
0.00
53.67
0.00
0.00
0.00
72.90
0.00
0.00
0.00
62.17
0.00
0.00
0.00
57.85
0.00
0.00
0.00
63.92
0.00
0.00
0.00
49.79
0.00
0.00
0.00
76.51
0.00
0.00
0.00
63.06
0.00
0.00
0.00
66.87
0.00
0.00
0.00
62.61
0.00
0.00
0.00
62.16
0.00
0.00
0.00
56.33
0.00
0.00
0.00
56.21
0.00
0.00
0.00
70.57
0.00
0.00
0.00
55.61
0.00
0.00
0.00
57.43
0.00
0.00
0.00
62.32
0.00
0.00
0.00
61.76
0.00
0.00
0.00
48.69
0.00
0.00
0.00
58.77
0.00
0.00
0.00
60.06
0.00
0.00
0.00
60.51
0.00
0.00
0.00
58.47
0.00
0.00
0.00
71.17
0.00
0.00
0.00
64.84
0.00
0.00
0.00
58.29
0.00
0.00
0.00
61.80
0.00
0.00
0.00
66.21
0.00
0.00
0.00
59.01
0.00
0.00
0.00
56.42
0.00
0.00
0.00
59.95
0.00
0.00
0.00
53.00
0.00
0.00
0.00
62.44
0.00
0.00
0.00
0.00
0.00
0.00
0.00
65.94
0.00
0.00
0.00
99.99
0.00
0.00
0.00
36.63
0.00
0.00
0.00
50.06
0.00
0.00
0.00
69.53
0.00
0.00
0.00
0.00
0.00
0.00
0.00
51.59
0.00
0.00
0.00
28.87
0.00
0.00
0.00
99.99
0.00
0.00
0.00
0.00
0.00
0.00
0.00
0.00
0.00
0.00
0.00
99.99
0.00
0.00
0.00
0.00
0.00
0.00
0.00
66.20
0.00
0.00
0.00
0.00
0.00
0.00
0.00
0.00
0.00
0.00
0.00
60.40
0.00
0.00
0.00
0.00
0.00
0.00
0.00
0.00
0.00
0.00
0.00
35.86
0.00
0.00
0.00
0.00
0.00
0.00
0.00
48.84
0.00
0.00
0.00
53.28
0.00
0.00
0.00
54.36
0.00
0.00
0.00
69.41
0.00
0.00
0.00
65.66
0.00
0.00
0.00
55.59
0.00
0.00
0.00
66.05
0.00
0.00
0.00
56.67
0.00
0.00
0.00
58.33
0.00
0.00
0.00
76.45
0.00
0.00
0.00
54.34
0.00
0.00
0.00
66.87
0.00
0.00
0.00
63.06
0.00
0.00
0.00
52.74
0.00
0.00
0.00
63.32
0.00
0.00
0.00
70.59
0.00
0.00
0.00
61.72
0.00
0.00
0.00
59.85
0.00
0.00
0.00
49.30
0.00
0.00
0.00
60.05
0.00
0.00
0.00
62.80
0.00
0.00
0.00
73.61
0.00
0.00
0.00
58.50
0.00
0.00
0.00
64.30
0.00
0.00
0.00
60.78
0.00
0.00
0.00
82.97
0.00
0.00
0.00
68.56
0.00
0.00
0.00
65.51
0.00
0.00
0.00
64.32
0.00
0.00
0.00
61.80
0.00
0.00
0.00
57.86
0.00
0.00
0.00
61.31
0.00
0.00
0.00
63.32
0.00
0.00
0.00
64.83
0.00
0.00
0.00
62.27
0.00
0.00
0.00
79.58
0.00
0.00
0.00
57.88
0.00
0.00
0.00
69.35
0.00
0.00
0.00
66.20
0.00
0.00
0.00
71.24
0.00
0.00
0.00
60.78
0.00
0.00
0.00
74.07
0.00
0.00
0.00
58.84
0.00
0.00
0.00
59.37
0.00
0.00
0.00
55.51
0.00
0.00
0.00
66.76
0.00
0.00
0.00
62.71
0.00
0.00
0.00
67.39
0.00
0.00
0.00
61.41
0.00
0.00
0.00
57.79
0.00
0.00
0.00
56.66
0.00
0.00
0.00
62.08
0.00
0.00
0.00
65.64
0.00
0.00
0.00
54.21
0.00
0.00
0.00
62.80
0.00
0.00
0.00
57.11
0.00
0.00
0.00
54.79
0.00
0.00
0.00
58.71
0.00
0.00
0.00
56.36
0.00
0.00
0.00
56.18
0.00
0.00
0.00
62.64
0.00
0.00
0.00
55.17
0.00
0.00
0.00
61.10
0.00
0.00
0.00
70.85
0.00
0.00
0.00
55.92
0.00
0.00
0.00
62.27
0.00
0.00
0.00
69.75
0.00
0.00
0.00
71.53
0.00
0.00
0.00
57.10
0.00
0.00
0.00
63.66
0.00
0.00
0.00
64.18
0.00
0.00
0.00
49.80
0.00
0.00
0.00
60.21
0.00
0.00
0.00
65.53
0.00
0.00
0.00
69.78
0.00
0.00
0.00
57.52
0.00
0.00
0.00
64.66
0.00
0.00
0.00
60.87
0.00
0.00
0.00
64.89
0.00
0.00
0.00
63.74
0.00
0.00
0.00
62.15
0.00
0.00
0.00
60.35
0.00
0.00
0.00
63.55
0.00
0.00
0.00
52.88
0.00
0.00
0.00
87.88
0.00
0.00
0.00
64.93
0.00
0.00
0.00
58.48
0.00
0.00
0.00
56.02
0.00
0.00
0.00
61.77
0.00
0.00
0.00
56.13
0.00
0.00
0.00
52.04
0.00
0.00
0.00
65.47
0.00
0.00
0.00
58.66
0.00
0.00
0.00
61.99
0.00
0.00
0.00
66.37
0.00
0.00
0.00
51.32
0.00
0.00
0.00
58.05
0.00
0.00
0.00
63.46
0.00
0.00
0.00
71.57
0.00
0.00
0.00
56.89
0.00
0.00
0.00
68.31
0.00
0.00
0.00
58.55
0.00
0.00
0.00
72.60
0.00
0.00
0.00
62.65
0.00
0.00
0.00
56.15
0.00
0.00
0.00
53.57
0.00
0.00
0.00
60.95
0.00
0.00
0.00
63.89
0.00
0.00
0.00
64.91
0.00
0.00
0.00
55.91
0.00
0.00
0.00
49.19
0.00
0.00
0.00
0.00
0.00
0.00
0.00
0.00
0.00
0.00
0.00
58.64
0.00
0.00
0.00
66.06
0.00
0.00
0.00
61.19
0.00
0.00
0.00
48.62
0.00
0.00
0.00
50.88
0.00
0.00
0.00
50.58
0.00
0.00
0.00
69.31
0.00
0.00
0.00
46.51
0.00
0.00
0.00
50.79
0.00
0.00
0.00
68.87
0.00
0.00
0.00
65.28
0.00
0.00
0.00
55.62
0.00
0.00
0.00
71.05
0.00
0.00
0.00
60.18
0.00
0.00
0.00
62.10
0.00
0.00
0.00
62.28
0.00
0.00
0.00
55.15
0.00
0.00
0.00
58.18
0.00
0.00
0.00
69.61
0.00
0.00
0.00
61.38
0.00
0.00
0.00
21.56
0.00
0.00
0.00
56.43
0.00
0.00
0.00
61.58
0.00
0.00
0.00
51.66
0.00
0.00
0.00
60.60
0.00
0.00
0.00
59.50
0.00
0.00
0.00
69.84
0.00
0.00
0.00
42.13
0.00
0.00
0.00
48.63
0.00
0.00
0.00
52.84
0.00
0.00
0.00
56.72
0.00
0.00
0.00
59.95
0.00
0.00
0.00
68.29
0.00
0.00
0.00
60.63
0.00
0.00
0.00
59.88
0.00
0.00
0.00
99.99
0.00
0.00
0.00
62.91
0.00
0.00
0.00
55.66
0.00
0.00
0.00
62.38
0.00
0.00
0.00
60.25
0.00
0.00
0.00
65.16
0.00
0.00
0.00
56.13
0.00
0.00
0.00
62.45
0.00
0.00
0.00
61.92
0.00
0.00
0.00
54.30
0.00
0.00
0.00
60.28
0.00
0.00
0.00
58.19
0.00
0.00
0.00
67.50
0.00
0.00
0.00
57.81
0.00
0.00
0.00
63.41
0.00
0.00
0.00
56.08
0.00
0.00
0.00
56.24
0.00
0.00
0.00
60.22
0.00
0.00
0.00
62.50
0.00
0.00
0.00
66.56
0.00
0.00
0.00
55.42
0.00
0.00
0.00
60.57
0.00
0.00
0.00
62.98
0.00
0.00
0.00
69.01
0.00
0.00
0.00
68.96
0.00
0.00
0.00
62.12
0.00
0.00
0.00
49.90
0.00
0.00
0.00
55.33
0.00
0.00
0.00
57.17
0.00
0.00
0.00
61.35
0.00
0.00
0.00
54.49
0.00
0.00
0.00
59.76
0.00
0.00
0.00
55.58
0.00
0.00
0.00
49.75
0.00
0.00
0.00
57.49
0.00
0.00
0.00
58.10
0.00
0.00
0.00
56.44
0.00
0.00
0.00
65.88
0.00
0.00
0.00
58.22
0.00
0.00
0.00
53.26
0.00
0.00
0.00
64.83
0.00
0.00
0.00
57.86
0.00
0.00
0.00
54.27
0.00
0.00
0.00
63.73
0.00
0.00
0.00
67.28
0.00
0.00
0.00
61.68
0.00
0.00
0.00
49.33
0.00
0.00
0.00
65.49
0.00
0.00
0.00
64.12
0.00
0.00
0.00
59.31
0.00
0.00
0.00
77.89
0.00
0.00
0.00
73.01
0.00
0.00
0.00
0.00
0.00
0.00
0.00
99.99
0.00
0.00
0.00
0.00
0.00
0.00
0.00
99.99
0.00
0.00
0.00
0.00
0.00
0.00
0.00
0.00
0.00
0.00
0.00
60.79
0.00
0.00
0.00
55.58
0.00
0.00
0.00
73.52
0.00
0.00
0.00
99.99
0.00
0.00
0.00
2.26
0.00
0.00
0.00
0.00
0.00
0.00
0.00
0.00
0.00
0.00
0.00
0.00
0.00
0.00
0.00
92.21
0.00
0.00
0.00
92.97
0.00
0.00
0.00
76.11
0.00
0.00
0.00
0.00
0.00
0.00
0.00
0.00
0.00
0.00
0.00
0.00
0.00
0.00
0.00
0.00
0.00
0.00
0.00
0.00
0.00
0.00
0.00
0.00
0.00
0.00
0.00
99.99
0.00
0.00
0.00
68.95
0.00
0.00
0.00
51.98
0.00
0.00
0.00
58.72
0.00
0.00
0.00
61.44
0.00
0.00
0.00
66.47
0.00
0.00
0.00
65.95
0.00
0.00
0.00
62.62
0.00
0.00
0.00
52.88
0.00
0.00
0.00
60.61
0.00
0.00
0.00
67.39
0.00
0.00
0.00
58.12
0.00
0.00
0.00
52.40
0.00
0.00
0.00
64.03
0.00
0.00
0.00
61.26
0.00
0.00
0.00
70.51
0.00
0.00
0.00
59.75
0.00
0.00
0.00
64.63
0.00
0.00
0.00
62.03
0.00
0.00
0.00
59.65
0.00
0.00
0.00
65.45
0.00
0.00
0.00
62.36
0.00
0.00
0.00
55.77
0.00
0.00
0.00
54.93
0.00
0.00
0.00
62.87
0.00
0.00
0.00
0.00
0.00
0.00
0.00
16.51
0.00
0.00
0.00
0.00
0.00
0.00
0.00
0.00
0.00
0.00
0.00
0.00
0.00
0.00
0.00
0.00
0.00
0.00
0.00
0.00
0.00
0.00
0.00
0.00
0.00
0.00
0.00
0.00
0.00
0.00
0.00
0.00
0.00
0.00
0.00
0.00
0.00
0.00
0.00
0.00
0.00
0.00
0.00
0.00
0.00
0.00
0.00
0.00
0.00
0.00
0.00
0.00
0.00
0.00
0.00
0.00
0.00
0.00
0.00
0.00
0.00
0.00
0.00
0.00
0.00
0.00
0.00
0.00
0.00
0.00
0.00
0.00
0.00
0.00
0.00
0.00
0.00
0.00
0.00
0.00
0.00
0.00
0.00
0.00
0.00
0.00
0.00
0.00
0.00
0.00
0.00
0.00
0.00
0.00
0.00
0.00
0.00
0.00
0.00
0.00
0.00
0.00
0.00
0.00
0.00
0.00
0.00
0.00
0.00
0.00
0.00
0.00
0.00
0.00
0.00
0.00
0.00
0.00
0.00
0.00
0.00
0.00
0.00
0.00
0.00
0.00
0.00
0.00
0.00
0.00
0.00
0.00
0.00
0.00
0.00
0.00
0.00
0.00
0.00
0.00
0.00
0.00
0.00
0.00
0.00
0.00
0.00
0.00
0.00
0.00
0.00
0.00
0.00
0.00
0.00
0.00
0.00
0.00
0.00
0.00
0.00
0.00
0.00
0.00
0.00
0.00
0.00
0.00
0.00
0.00
0.00
0.00
0.00
0.00
0.00
0.00
0.00
0.00
0.00
0.00
0.00
0.00
0.00
0.00
0.00
0.00
0.00
0.00
0.00
0.00
0.00
0.00
0.00
0.00
0.00
0.00
0.00
0.00
0.00
0.00
0.00
0.00
0.00
0.00
0.00
0.00
0.00
0.00
0.00
0.00
0.00
0.00
0.00
0.00
0.00
0.00
0.00
0.00
0.00
0.00
0.00
0.00
0.00
0.00
0.00
0.00
0.00
0.00
0.00
0.00
0.00
0.00
0.00
0.00
0.00
0.00
0.00
0.00
0.00
0.00
0.00
0.00
0.00
0.00
0.00
0.00
0.00
0.00
0.00
0.00
0.00
0.00
0.00
0.00
0.00
0.00
0.00
0.00
0.00
0.00
0.00
0.00
0.00
0.00
0.00
0.00
0.00
0.00
0.00
0.00
0.00
0.00
0.00
0.00
0.00
0.00
0.00
0.00
0.00
0.00
0.00
0.00
0.00
0.00
0.00
0.00
0.00
0.00
0.00
0.00
0.00
0.00
0.00
0.00
0.00
0.00
0.00
0.00
0.00
0.00
0.00
0.00
0.00
0.00
0.00
0.00
0.00
0.00
0.00
0.00
0.00
0.00
0.00
0.00
0.00
0.00
0.00
0.00
0.00
0.00
0.00
0.00
0.00
0.00
0.00
0.00
0.00
0.00
0.00
0.00
0.00
0.00
0.00
0.00
0.00
0.00
0.00
0.00
0.00
0.00
0.00
0.00
0.00
0.00
0.00
0.00
0.00
0.00
0.00
0.00
0.00
0.00
0.00
0.00
0.00
0.00
0.00
0.00
0.00
0.00
0.00
0.00
0.00
0.00
0.00
0.00
0.00
0.00
0.00
0.00
0.00
0.00
0.00
0.00
0.00
0.00
0.00
0.00
0.00
0.00
0.00
0.00
0.00
0.00
0.00
0.00
0.00
0.00
0.00
0.00
0.00
0.00
0.00
0.00
0.00
0.00
0.00
0.00
0.00
0.00
0.00
0.00
0.00
0.00
0.00
0.00
0.00
0.00
0.00
0.00
0.00
0.00
0.00
0.00
0.00
0.00
0.00
0.00
0.00
0.00
0.00
0.00
0.00
0.00
0.00
0.00
0.00
0.00
0.00
0.00
0.00
0.00
0.00
0.00
0.00
0.00
0.00
0.00
0.00
0.00
0.00
0.00
0.00
0.00
0.00
0.00
0.00
0.00
0.00
0.00
0.00
0.00
0.00
0.00
0.00
0.00
0.00
0.00
0.00
0.00
0.00
0.00
0.00
0.00
0.00
0.00
0.00
0.00
0.00
0.00
0.00
0.00
0.00
0.00
0.00
0.00
0.00
0.00
0.00
0.00
0.00
0.00
0.00
0.00
0.00
0.00
0.00
0.00
0.00
0.00
0.00
0.00
0.00
0.00
0.00
0.00
0.00
0.00
0.00
0.00
0.00
0.00
0.00
0.00
0.00
0.00
0.00
0.00
0.00
0.00
0.00
0.00
0.00
0.00
0.00
0.00
0.00
0.00
0.00
0.00
0.00
0.00
0.00
0.00
0.00
0.00
0.00
0.00
0.00
0.00
0.00
0.00
0.00
0.00
0.00
0.00
0.00
0.00
0.00
0.00
0.00
0.00
0.00
0.00
0.00
0.00
0.00
0.00
0.00
0.00
0.00
0.00
0.00
0.00
0.00
0.00
0.00
0.00
0.00
0.00
0.00
0.00
0.00
0.00
0.00
0.00
0.00
0.00
0.00
0.00
0.00
0.00
0.00
0.00
0.00
0.00
0.00
0.00
0.00
0.00
0.00
0.00
0.00
0.00
0.00
0.00
0.00
0.00
0.00
0.00
0.00
0.00
0.00
0.00
0.00
0.00
0.00
0.00
0.00
0.00
0.00
0.00
0.00
0.00
0.00
0.00
0.00
0.00
0.00
0.00
0.00
0.00
0.00
0.00
0.00
0.00
0.00
0.00
0.00
0.00
0.00
0.00
0.00
0.00
0.00
0.00
0.00
0.00
0.00
0.00
0.00
0.00
0.00
0.00
0.00
0.00
0.00
0.00
0.00
0.00
0.00
0.00
0.00
0.00
0.00
0.00
0.00
0.00
0.00
0.00
0.00
0.00
0.00
0.00
0.00
0.00
0.00
0.00
0.00
0.00
0.00
0.00
0.00
0.00
0.00
0.00
0.00
0.00
0.00
0.00
0.00
0.00
0.00
0.00
0.00
0.00
0.00
0.00
0.00
0.00
0.00
0.00
0.00
0.00
0.00
0.00
0.00
0.00
6.97
0.00
0.00
0.00
42.83
0.00
0.00
0.00
0.00
0.00
0.00
0.00
0.00
0.00
0.00
0.00
0.00
0.00
0.00
0.00
0.00
0.00
0.00
0.00
0.00
0.00
0.00
0.00
0.00
0.00
0.00
0.00
0.00
0.00
0.00
0.00
0.00
0.00
0.00
0.00
0.00
0.00
0.00
0.00
