0.00
0.00
0.00
0.00
0.00
0.00
0.00
0.00
0.00
0.00
0.00
0.00
0.00
0.00
0.00
0.00
0.00
0.00
0.00
0.00
0.00
0.00
0.00
0.00
0.00
0.00
0.00
0.00
0.00
0.00
0.00
0.00
0.00
0.00
0.00
0.00
0.00
0.00
0.00
0.00
0.00
0.00
0.00
0.00
0.00
0.00
0.00
0.00
0.00
0.00
0.00
0.00
0.00
0.00
0.00
0.00
0.00
0.00
0.00
0.00
0.00
0.00
0.00
0.00
0.00
0.00
0.00
0.00
0.00
0.00
0.00
0.00
0.00
0.00
0.00
0.00
0.00
0.00
0.00
0.00
0.00
57.42
0.00
0.00
0.00
71.47
0.00
0.00
0.00
72.45
0.00
0.00
0.00
71.04
0.00
0.00
0.00
61.21
0.00
0.00
0.00
68.78
0.00
0.00
0.00
54.32
0.00
0.00
0.00
64.60
0.00
0.00
0.00
64.29
0.00
0.00
0.00
74.94
0.00
0.00
0.00
73.17
0.00
0.00
0.00
67.53
0.00
0.00
0.00
63.78
0.00
0.00
0.00
74.73
0.00
0.00
0.00
59.32
0.00
0.00
0.00
57.80
0.00
0.00
0.00
49.63
0.00
0.00
0.00
59.38
0.00
0.00
0.00
75.76
0.00
0.00
0.00
59.16
0.00
0.00
0.00
62.73
0.00
0.00
0.00
59.32
0.00
0.00
0.00
58.95
0.00
0.00
0.00
68.98
0.00
0.00
0.00
66.81
0.00
0.00
0.00
67.59
0.00
0.00
0.00
60.00
0.00
0.00
0.00
57.00
0.00
0.00
0.00
68.72
0.00
0.00
0.00
63.32
0.00
0.00
0.00
66.16
0.00
0.00
0.00
60.68
0.00
0.00
0.00
52.54
0.00
0.00
0.00
69.74
0.00
0.00
0.00
63.46
0.00
0.00
0.00
59.21
0.00
0.00
0.00
61.47
0.00
0.00
0.00
64.40
0.00
0.00
0.00
66.18
0.00
0.00
0.00
61.65
0.00
0.00
0.00
58.75
0.00
0.00
0.00
57.46
0.00
0.00
0.00
64.95
0.00
0.00
0.00
63.87
0.00
0.00
0.00
56.08
0.00
0.00
0.00
69.87
0.00
0.00
0.00
64.35
0.00
0.00
0.00
78.21
0.00
0.00
0.00
66.26
0.00
0.00
0.00
68.26
0.00
0.00
0.00
50.00
0.00
0.00
0.00
71.98
0.00
0.00
0.00
63.11
0.00
0.00
0.00
80.19
0.00
0.00
0.00
51.43
0.00
0.00
0.00
60.85
0.00
0.00
0.00
52.06
0.00
0.00
0.00
62.83
0.00
0.00
0.00
54.44
0.00
0.00
0.00
64.76
0.00
0.00
0.00
54.44
0.00
0.00
0.00
59.23
0.00
0.00
0.00
56.88
0.00
0.00
0.00
61.04
0.00
0.00
0.00
64.23
0.00
0.00
0.00
56.33
0.00
0.00
0.00
57.49
0.00
0.00
0.00
71.18
0.00
0.00
0.00
65.73
0.00
0.00
0.00
58.27
0.00
0.00
0.00
53.79
0.00
0.00
0.00
58.95
0.00
0.00
0.00
65.87
0.00
0.00
0.00
66.10
0.00
0.00
0.00
59.54
0.00
0.00
0.00
65.79
0.00
0.00
0.00
57.95
0.00
0.00
0.00
57.95
0.00
0.00
0.00
58.23
0.00
0.00
0.00
69.80
0.00
0.00
0.00
67.69
0.00
0.00
0.00
68.37
0.00
0.00
0.00
62.67
0.00
0.00
0.00
64.61
0.00
0.00
0.00
62.55
0.00
0.00
0.00
56.07
0.00
0.00
0.00
64.97
0.00
0.00
0.00
66.06
0.00
0.00
0.00
55.44
0.00
0.00
0.00
54.61
0.00
0.00
0.00
59.44
0.00
0.00
0.00
72.64
0.00
0.00
0.00
52.09
0.00
0.00
0.00
63.01
0.00
0.00
0.00
57.90
0.00
0.00
0.00
59.99
0.00
0.00
0.00
73.68
0.00
0.00
0.00
73.02
0.00
0.00
0.00
65.43
0.00
0.00
0.00
66.31
0.00
0.00
0.00
56.06
0.00
0.00
0.00
70.67
0.00
0.00
0.00
67.51
0.00
0.00
0.00
68.69
0.00
0.00
0.00
53.15
0.00
0.00
0.00
68.12
0.00
0.00
0.00
60.96
0.00
0.00
0.00
55.08
0.00
0.00
0.00
60.81
0.00
0.00
0.00
57.59
0.00
0.00
0.00
55.97
0.00
0.00
0.00
70.85
0.00
0.00
0.00
57.06
0.00
0.00
0.00
68.16
0.00
0.00
0.00
63.29
0.00
0.00
0.00
59.45
0.00
0.00
0.00
71.21
0.00
0.00
0.00
63.50
0.00
0.00
0.00
96.13
0.00
0.00
0.00
65.43
0.00
0.00
0.00
59.48
0.00
0.00
0.00
47.94
0.00
0.00
0.00
61.62
0.00
0.00
0.00
63.80
0.00
0.00
0.00
61.45
0.00
0.00
0.00
62.96
0.00
0.00
0.00
59.35
0.00
0.00
0.00
56.62
0.00
0.00
0.00
60.63
0.00
0.00
0.00
64.14
0.00
0.00
0.00
75.09
0.00
0.00
0.00
58.84
0.00
0.00
0.00
56.89
0.00
0.00
0.00
72.95
0.00
0.00
0.00
60.89
0.00
0.00
0.00
58.65
0.00
0.00
0.00
60.35
0.00
0.00
0.00
63.03
0.00
0.00
0.00
57.80
0.00
0.00
0.00
55.81
0.00
0.00
0.00
0.00
0.00
0.00
0.00
0.00
0.00
0.00
0.00
0.00
0.00
0.00
0.00
0.00
0.00
0.00
0.00
0.00
0.00
0.00
0.00
99.99
0.00
0.00
0.00
0.00
0.00
0.00
0.00
0.00
0.00
0.00
0.00
63.08
0.00
0.00
0.00
59.09
0.00
0.00
0.00
55.41
0.00
0.00
0.00
56.27
0.00
0.00
0.00
64.52
0.00
0.00
0.00
61.18
0.00
0.00
0.00
64.06
0.00
0.00
0.00
65.95
0.00
0.00
0.00
67.31
0.00
0.00
0.00
56.05
0.00
0.00
0.00
66.45
0.00
0.00
0.00
73.25
0.00
0.00
0.00
53.01
0.00
0.00
0.00
63.95
0.00
0.00
0.00
65.93
0.00
0.00
0.00
58.00
0.00
0.00
0.00
58.23
0.00
0.00
0.00
52.95
0.00
0.00
0.00
62.34
0.00
0.00
0.00
75.14
0.00
0.00
0.00
53.48
0.00
0.00
0.00
64.57
0.00
0.00
0.00
56.91
0.00
0.00
0.00
69.30
0.00
0.00
0.00
71.20
0.00
0.00
0.00
57.04
0.00
0.00
0.00
62.70
0.00
0.00
0.00
59.31
0.00
0.00
0.00
61.99
0.00
0.00
0.00
61.49
0.00
0.00
0.00
59.95
0.00
0.00
0.00
67.40
0.00
0.00
0.00
58.09
0.00
0.00
0.00
68.26
0.00
0.00
0.00
64.49
0.00
0.00
0.00
66.20
0.00
0.00
0.00
66.28
0.00
0.00
0.00
61.46
0.00
0.00
0.00
62.37
0.00
0.00
0.00
64.57
0.00
0.00
0.00
63.87
0.00
0.00
0.00
64.41
0.00
0.00
0.00
57.29
0.00
0.00
0.00
63.70
0.00
0.00
0.00
56.64
0.00
0.00
0.00
69.28
0.00
0.00
0.00
61.29
0.00
0.00
0.00
62.91
0.00
0.00
0.00
59.37
0.00
0.00
0.00
65.70
0.00
0.00
0.00
0.00
0.00
0.00
0.00
89.83
0.00
0.00
0.00
32.07
0.00
0.00
0.00
57.76
0.00
0.00
0.00
0.00
0.00
0.00
0.00
0.00
0.00
0.00
0.00
0.00
0.00
0.00
0.00
62.69
0.00
0.00
0.00
51.22
0.00
0.00
0.00
0.00
0.00
0.00
0.00
99.99
0.00
0.00
0.00
0.00
0.00
0.00
0.00
0.00
0.00
0.00
0.00
0.00
0.00
0.00
0.00
94.79
0.00
0.00
0.00
58.87
0.00
0.00
0.00
63.05
0.00
0.00
0.00
69.06
0.00
0.00
0.00
20.46
0.00
0.00
0.00
57.36
0.00
0.00
0.00
59.14
0.00
0.00
0.00
56.91
0.00
0.00
0.00
60.07
0.00
0.00
0.00
53.11
0.00
0.00
0.00
60.43
0.00
0.00
0.00
57.41
0.00
0.00
0.00
63.87
0.00
0.00
0.00
56.63
0.00
0.00
0.00
65.26
0.00
0.00
0.00
57.46
0.00
0.00
0.00
75.60
0.00
0.00
0.00
42.84
0.00
0.00
0.00
65.19
0.00
0.00
0.00
47.98
0.00
0.00
0.00
64.24
0.00
0.00
0.00
53.66
0.00
0.00
0.00
62.54
0.00
0.00
0.00
72.36
0.00
0.00
0.00
59.53
0.00
0.00
0.00
72.03
0.00
0.00
0.00
68.90
0.00
0.00
0.00
60.41
0.00
0.00
0.00
58.51
0.00
0.00
0.00
68.58
0.00
0.00
0.00
61.97
0.00
0.00
0.00
62.38
0.00
0.00
0.00
58.90
0.00
0.00
0.00
58.89
0.00
0.00
0.00
50.44
0.00
0.00
0.00
57.86
0.00
0.00
0.00
54.08
0.00
0.00
0.00
61.48
0.00
0.00
0.00
56.75
0.00
0.00
0.00
52.81
0.00
0.00
0.00
58.24
0.00
0.00
0.00
54.63
0.00
0.00
0.00
62.11
0.00
0.00
0.00
60.94
0.00
0.00
0.00
59.95
0.00
0.00
0.00
63.95
0.00
0.00
0.00
61.77
0.00
0.00
0.00
62.61
0.00
0.00
0.00
68.57
0.00
0.00
0.00
48.99
0.00
0.00
0.00
55.94
0.00
0.00
0.00
62.02
0.00
0.00
0.00
59.79
0.00
0.00
0.00
33.46
0.00
0.00
0.00
65.57
0.00
0.00
0.00
63.83
0.00
0.00
0.00
71.18
0.00
0.00
0.00
57.13
0.00
0.00
0.00
77.09
0.00
0.00
0.00
66.88
0.00
0.00
0.00
61.83
0.00
0.00
0.00
65.26
0.00
0.00
0.00
73.85
0.00
0.00
0.00
56.78
0.00
0.00
0.00
69.13
0.00
0.00
0.00
71.87
0.00
0.00
0.00
56.10
0.00
0.00
0.00
60.30
0.00
0.00
0.00
60.10
0.00
0.00
0.00
53.33
0.00
0.00
0.00
60.20
0.00
0.00
0.00
58.69
0.00
0.00
0.00
62.73
0.00
0.00
0.00
52.14
0.00
0.00
0.00
65.86
0.00
0.00
0.00
60.60
0.00
0.00
0.00
64.17
0.00
0.00
0.00
59.43
0.00
0.00
0.00
54.73
0.00
0.00
0.00
70.54
0.00
0.00
0.00
56.27
0.00
0.00
0.00
52.38
0.00
0.00
0.00
62.98
0.00
0.00
0.00
54.46
0.00
0.00
0.00
74.82
0.00
0.00
0.00
59.01
0.00
0.00
0.00
60.15
0.00
0.00
0.00
61.90
0.00
0.00
0.00
68.54
0.00
0.00
0.00
65.73
0.00
0.00
0.00
61.31
0.00
0.00
0.00
60.69
0.00
0.00
0.00
57.70
0.00
0.00
0.00
56.30
0.00
0.00
0.00
50.58
0.00
0.00
0.00
68.50
0.00
0.00
0.00
65.70
0.00
0.00
0.00
54.97
0.00
0.00
0.00
53.88
0.00
0.00
0.00
63.45
0.00
0.00
0.00
71.56
0.00
0.00
0.00
55.75
0.00
0.00
0.00
63.93
0.00
0.00
0.00
57.59
0.00
0.00
0.00
63.72
0.00
0.00
0.00
57.16
0.00
0.00
0.00
64.70
0.00
0.00
0.00
53.62
0.00
0.00
0.00
56.90
0.00
0.00
0.00
56.41
0.00
0.00
0.00
66.06
0.00
0.00
0.00
55.23
0.00
0.00
0.00
63.28
0.00
0.00
0.00
54.61
0.00
0.00
0.00
59.09
0.00
0.00
0.00
55.71
0.00
0.00
0.00
66.73
0.00
0.00
0.00
62.89
0.00
0.00
0.00
68.73
0.00
0.00
0.00
67.66
0.00
0.00
0.00
66.60
0.00
0.00
0.00
55.56
0.00
0.00
0.00
57.46
0.00
0.00
0.00
60.69
0.00
0.00
0.00
65.54
0.00
0.00
0.00
61.84
0.00
0.00
0.00
58.25
0.00
0.00
0.00
46.19
0.00
0.00
0.00
66.22
0.00
0.00
0.00
60.42
0.00
0.00
0.00
57.01
0.00
0.00
0.00
53.07
0.00
0.00
0.00
62.71
0.00
0.00
0.00
69.52
0.00
0.00
0.00
65.06
0.00
0.00
0.00
75.42
0.00
0.00
0.00
69.92
0.00
0.00
0.00
59.77
0.00
0.00
0.00
63.72
0.00
0.00
0.00
69.07
0.00
0.00
0.00
71.97
0.00
0.00
0.00
60.84
0.00
0.00
0.00
99.99
0.00
0.00
0.00
99.99
0.00
0.00
0.00
57.55
0.00
0.00
0.00
67.45
0.00
0.00
0.00
55.25
0.00
0.00
0.00
61.28
0.00
0.00
0.00
86.90
0.00
0.00
0.00
55.71
0.00
0.00
0.00
73.14
0.00
0.00
0.00
68.13
0.00
0.00
0.00
99.99
0.00
0.00
0.00
58.79
0.00
0.00
0.00
55.37
0.00
0.00
0.00
54.53
0.00
0.00
0.00
59.05
0.00
0.00
0.00
62.40
0.00
0.00
0.00
55.08
0.00
0.00
0.00
65.52
0.00
0.00
0.00
56.31
0.00
0.00
0.00
67.61
0.00
0.00
0.00
52.27
0.00
0.00
0.00
54.79
0.00
0.00
0.00
71.78
0.00
0.00
0.00
61.27
0.00
0.00
0.00
68.51
0.00
0.00
0.00
70.16
0.00
0.00
0.00
58.16
0.00
0.00
0.00
59.22
0.00
0.00
0.00
52.66
0.00
0.00
0.00
57.69
0.00
0.00
0.00
61.44
0.00
0.00
0.00
56.37
0.00
0.00
0.00
59.62
0.00
0.00
0.00
75.24
0.00
0.00
0.00
64.96
0.00
0.00
0.00
60.90
0.00
0.00
0.00
64.29
0.00
0.00
0.00
69.43
0.00
0.00
0.00
60.04
0.00
0.00
0.00
47.79
0.00
0.00
0.00
55.06
0.00
0.00
0.00
64.65
0.00
0.00
0.00
55.89
0.00
0.00
0.00
61.63
0.00
0.00
0.00
65.86
0.00
0.00
0.00
69.06
0.00
0.00
0.00
63.79
0.00
0.00
0.00
62.69
0.00
0.00
0.00
60.67
0.00
0.00
0.00
69.32
0.00
0.00
0.00
45.85
0.00
0.00
0.00
57.01
0.00
0.00
0.00
61.78
0.00
0.00
0.00
63.49
0.00
0.00
0.00
62.07
0.00
0.00
0.00
72.86
0.00
0.00
0.00
0.00
0.00
0.00
0.00
70.72
0.00
0.00
0.00
39.05
0.00
0.00
0.00
99.99
0.00
0.00
0.00
0.00
0.00
0.00
0.00
76.20
0.00
0.00
0.00
0.00
0.00
0.00
0.00
54.08
0.00
0.00
0.00
99.99
0.00
0.00
0.00
0.00
0.00
0.00
0.00
99.99
0.00
0.00
0.00
0.00
0.00
0.00
0.00
0.00
0.00
0.00
0.00
99.99
0.00
0.00
0.00
62.68
0.00
0.00
0.00
99.99
0.00
0.00
0.00
0.00
0.00
0.00
0.00
48.63
0.00
0.00
0.00
53.85
0.00
0.00
0.00
49.36
0.00
0.00
0.00
0.00
0.00
0.00
0.00
0.00
0.00
0.00
0.00
0.00
0.00
0.00
0.00
0.00
0.00
0.00
0.00
0.00
0.00
0.00
0.00
73.54
0.00
0.00
0.00
0.00
0.00
0.00
0.00
0.00
0.00
0.00
0.00
99.99
0.00
0.00
0.00
54.69
0.00
0.00
0.00
60.93
0.00
0.00
0.00
62.62
0.00
0.00
0.00
56.29
0.00
0.00
0.00
68.48
0.00
0.00
0.00
60.49
0.00
0.00
0.00
62.96
0.00
0.00
0.00
56.72
0.00
0.00
0.00
57.40
0.00
0.00
0.00
67.31
0.00
0.00
0.00
58.09
0.00
0.00
0.00
50.55
0.00
0.00
0.00
56.87
0.00
0.00
0.00
62.19
0.00
0.00
0.00
63.02
0.00
0.00
0.00
65.46
0.00
0.00
0.00
72.51
0.00
0.00
0.00
53.89
0.00
0.00
0.00
70.85
0.00
0.00
0.00
54.63
0.00
0.00
0.00
55.35
0.00
0.00
0.00
58.01
0.00
0.00
0.00
59.69
0.00
0.00
0.00
36.21
0.00
0.00
0.00
59.44
0.00
0.00
0.00
62.34
0.00
0.00
0.00
49.86
0.00
0.00
0.00
55.72
0.00
0.00
0.00
61.81
0.00
0.00
0.00
62.62
0.00
0.00
0.00
71.60
0.00
0.00
0.00
53.91
0.00
0.00
0.00
55.20
0.00
0.00
0.00
64.12
0.00
0.00
0.00
61.01
0.00
0.00
0.00
58.54
0.00
0.00
0.00
59.57
0.00
0.00
0.00
64.28
0.00
0.00
0.00
70.92
0.00
0.00
0.00
48.34
0.00
0.00
0.00
65.35
0.00
0.00
0.00
72.17
0.00
0.00
0.00
62.81
0.00
0.00
0.00
61.57
0.00
0.00
0.00
55.35
0.00
0.00
0.00
62.50
0.00
0.00
0.00
55.25
0.00
0.00
0.00
66.37
0.00
0.00
0.00
70.93
0.00
0.00
0.00
65.16
0.00
0.00
0.00
63.46
0.00
0.00
0.00
53.74
0.00
0.00
0.00
62.27
0.00
0.00
0.00
63.23
0.00
0.00
0.00
65.49
0.00
0.00
0.00
63.22
0.00
0.00
0.00
52.34
0.00
0.00
0.00
54.43
0.00
0.00
0.00
63.01
0.00
0.00
0.00
57.54
0.00
0.00
0.00
62.88
0.00
0.00
0.00
53.97
0.00
0.00
0.00
64.75
0.00
0.00
0.00
61.73
0.00
0.00
0.00
55.76
0.00
0.00
0.00
40.02
0.00
0.00
0.00
65.73
0.00
0.00
0.00
61.35
0.00
0.00
0.00
63.03
0.00
0.00
0.00
62.00
0.00
0.00
0.00
68.78
0.00
0.00
0.00
54.55
0.00
0.00
0.00
48.36
0.00
0.00
0.00
61.18
0.00
0.00
0.00
61.99
0.00
0.00
0.00
56.48
0.00
0.00
0.00
64.24
0.00
0.00
0.00
61.67
0.00
0.00
0.00
55.55
0.00
0.00
0.00
67.39
0.00
0.00
0.00
57.82
0.00
0.00
0.00
53.67
0.00
0.00
0.00
66.82
0.00
0.00
0.00
57.73
0.00
0.00
0.00
61.61
0.00
0.00
0.00
36.43
0.00
0.00
0.00
56.66
0.00
0.00
0.00
54.07
0.00
0.00
0.00
48.28
0.00
0.00
0.00
66.65
0.00
0.00
0.00
66.79
0.00
0.00
0.00
67.97
0.00
0.00
0.00
59.31
0.00
0.00
0.00
58.46
0.00
0.00
0.00
57.82
0.00
0.00
0.00
58.87
0.00
0.00
0.00
53.88
0.00
0.00
0.00
62.51
0.00
0.00
0.00
67.01
0.00
0.00
0.00
55.22
0.00
0.00
0.00
61.12
0.00
0.00
0.00
62.86
0.00
0.00
0.00
61.95
0.00
0.00
0.00
60.74
0.00
0.00
0.00
60.90
0.00
0.00
0.00
71.03
0.00
0.00
0.00
59.54
0.00
0.00
0.00
49.68
0.00
0.00
0.00
49.90
0.00
0.00
0.00
58.50
0.00
0.00
0.00
66.18
0.00
0.00
0.00
67.58
0.00
0.00
0.00
58.75
0.00
0.00
0.00
58.97
0.00
0.00
0.00
54.53
0.00
0.00
0.00
55.63
0.00
0.00
0.00
70.49
0.00
0.00
0.00
53.43
0.00
0.00
0.00
55.19
0.00
0.00
0.00
62.95
0.00
0.00
0.00
65.26
0.00
0.00
0.00
38.33
0.00
0.00
0.00
70.45
0.00
0.00
0.00
65.75
0.00
0.00
0.00
66.05
0.00
0.00
0.00
51.94
0.00
0.00
0.00
55.04
0.00
0.00
0.00
69.16
0.00
0.00
0.00
56.61
0.00
0.00
0.00
61.01
0.00
0.00
0.00
55.15
0.00
0.00
0.00
69.69
0.00
0.00
0.00
60.39
0.00
0.00
0.00
66.77
0.00
0.00
0.00
56.89
0.00
0.00
0.00
65.84
0.00
0.00
0.00
53.08
0.00
0.00
0.00
59.11
0.00
0.00
0.00
55.59
0.00
0.00
0.00
52.10
0.00
0.00
0.00
47.87
0.00
0.00
0.00
67.00
0.00
0.00
0.00
53.00
0.00
0.00
0.00
65.99
0.00
0.00
0.00
56.80
0.00
0.00
0.00
60.11
0.00
0.00
0.00
62.17
0.00
0.00
0.00
56.85
0.00
0.00
0.00
51.48
0.00
0.00
0.00
57.18
0.00
0.00
0.00
66.36
0.00
0.00
0.00
61.60
0.00
0.00
0.00
60.72
0.00
0.00
0.00
57.30
0.00
0.00
0.00
66.45
0.00
0.00
0.00
96.73
0.00
0.00
0.00
55.79
0.00
0.00
0.00
67.49
0.00
0.00
0.00
69.02
0.00
0.00
0.00
57.82
0.00
0.00
0.00
61.79
0.00
0.00
0.00
63.55
0.00
0.00
0.00
61.04
0.00
0.00
0.00
59.19
0.00
0.00
0.00
52.42
0.00
0.00
0.00
65.07
0.00
0.00
0.00
44.60
0.00
0.00
0.00
71.74
0.00
0.00
0.00
51.55
0.00
0.00
0.00
53.64
0.00
0.00
0.00
48.34
0.00
0.00
0.00
99.99
0.00
0.00
0.00
62.19
0.00
0.00
0.00
49.78
0.00
0.00
0.00
58.91
0.00
0.00
0.00
64.66
0.00
0.00
0.00
60.19
0.00
0.00
0.00
51.30
0.00
0.00
0.00
67.50
0.00
0.00
0.00
65.03
0.00
0.00
0.00
51.52
0.00
0.00
0.00
65.03
0.00
0.00
0.00
59.45
0.00
0.00
0.00
60.91
0.00
0.00
0.00
64.88
0.00
0.00
0.00
56.50
0.00
0.00
0.00
61.35
0.00
0.00
0.00
44.28
0.00
0.00
0.00
49.24
0.00
0.00
0.00
54.11
0.00
0.00
0.00
27.50
0.00
0.00
0.00
0.00
0.00
0.00
0.00
13.00
0.00
0.00
0.00
0.00
0.00
0.00
0.00
0.00
0.00
0.00
0.00
0.00
0.00
0.00
0.00
0.00
0.00
0.00
0.00
0.00
0.00
0.00
0.00
0.00
0.00
0.00
0.00
0.00
0.00
0.00
0.00
0.00
0.00
0.00
0.00
0.00
0.00
0.00
0.00
0.00
0.00
0.00
0.00
0.00
0.00
0.00
0.00
0.00
0.00
0.00
0.00
0.00
0.00
0.00
0.00
0.00
0.00
0.00
0.00
0.00
0.00
0.00
0.00
0.00
0.00
0.00
0.00
0.00
0.00
0.00
0.00
0.00
0.00
0.00
0.00
0.00
0.00
0.00
0.00
0.00
0.00
0.00
0.00
0.00
0.00
0.00
0.00
0.00
0.00
0.00
0.00
0.00
0.00
0.00
0.00
0.00
0.00
0.00
0.00
0.00
0.00
0.00
0.00
0.00
0.00
0.00
0.00
0.00
0.00
0.00
0.00
0.00
0.00
0.00
0.00
0.00
0.00
0.00
0.00
0.00
0.00
0.00
0.00
0.00
0.00
0.00
0.00
0.00
0.00
0.00
0.00
0.00
0.00
0.00
0.00
0.00
0.00
0.00
0.00
0.00
0.00
0.00
0.00
0.00
0.00
0.00
0.00
0.00
0.00
0.00
0.00
0.00
0.00
0.00
0.00
0.00
0.00
0.00
0.00
0.00
0.00
0.00
0.00
0.00
0.00
0.00
0.00
0.00
0.00
0.00
0.00
0.00
0.00
0.00
0.00
0.00
0.00
0.00
0.00
0.00
0.00
0.00
0.00
0.00
0.00
0.00
0.00
0.00
0.00
0.00
0.00
0.00
0.00
0.00
0.00
0.00
0.00
0.00
0.00
0.00
0.00
0.00
0.00
0.00
0.00
0.00
0.00
0.00
0.00
0.00
0.00
0.00
0.00
0.00
0.00
0.00
0.00
0.00
0.00
0.00
0.00
0.00
0.00
0.00
0.00
0.00
0.00
0.00
0.00
0.00
0.00
0.00
0.00
0.00
0.00
0.00
0.00
0.00
0.00
0.00
0.00
0.00
0.00
0.00
0.00
0.00
0.00
0.00
0.00
0.00
0.00
0.00
0.00
0.00
0.00
0.00
0.00
0.00
0.00
0.00
0.00
0.00
0.00
0.00
0.00
0.00
0.00
0.00
0.00
0.00
0.00
0.00
0.00
0.00
0.00
0.00
0.00
0.00
0.00
0.00
0.00
0.00
0.00
0.00
0.00
0.00
0.00
0.00
0.00
0.00
0.00
0.00
0.00
0.00
0.00
0.00
0.00
0.00
0.00
0.00
0.00
0.00
0.00
0.00
0.00
0.00
0.00
0.00
0.00
0.00
0.00
0.00
0.00
0.00
0.00
0.00
0.00
0.00
0.00
0.00
0.00
0.00
0.00
0.00
0.00
0.00
0.00
0.00
0.00
0.00
0.00
0.00
0.00
43.10
0.00
0.00
0.00
0.00
0.00
0.00
0.00
0.00
0.00
0.00
0.00
0.00
0.00
0.00
0.00
0.00
0.00
0.00
0.00
0.00
0.00
0.00
0.00
0.00
0.00
0.00
0.00
0.00
0.00
0.00
0.00
0.00
0.00
0.00
0.00
0.00
0.00
0.00
0.00
0.00
0.00
0.00
0.00
0.00
0.00
0.00
0.00
0.00
0.00
0.00
0.00
0.00
0.00
0.00
0.00
24.16
0.00
0.00
0.00
0.00
0.00
0.00
0.00
0.00
0.00
0.00
0.00
0.00
0.00
0.00
0.00
0.00
0.00
0.00
0.00
0.00
0.00
0.00
0.00
0.00
0.00
0.00
0.00
0.00
0.00
0.00
0.00
0.00
0.00
0.00
0.00
0.00
0.00
0.00
0.00
