0.00
0.00
0.00
0.00
0.00
0.00
0.00
0.00
0.00
0.00
0.00
0.00
0.00
0.00
0.00
0.00
0.00
0.00
0.00
0.00
0.00
0.00
0.00
0.00
0.00
0.00
0.00
0.00
0.00
0.00
0.00
0.00
0.00
0.00
0.00
0.00
0.00
0.00
0.00
0.00
0.00
0.00
0.00
0.00
0.00
0.00
0.00
0.00
0.00
0.00
0.00
0.00
0.00
0.00
0.00
0.00
0.00
0.00
0.00
0.00
0.00
0.00
0.00
0.00
0.00
0.00
0.00
0.00
0.00
0.00
0.00
0.00
0.00
0.00
0.00
0.00
0.00
0.00
0.00
0.00
0.00
0.00
0.00
60.75
0.00
0.00
0.00
53.14
0.00
0.00
0.00
67.35
0.00
0.00
0.00
54.01
0.00
0.00
0.00
63.12
0.00
0.00
0.00
61.72
0.00
0.00
0.00
64.55
0.00
0.00
0.00
59.51
0.00
0.00
0.00
62.86
0.00
0.00
0.00
62.01
0.00
0.00
0.00
64.53
0.00
0.00
0.00
12.64
0.00
0.00
0.00
0.00
0.00
0.00
0.00
64.60
0.00
0.00
0.00
61.39
0.00
0.00
0.00
63.19
0.00
0.00
0.00
62.14
0.00
0.00
0.00
68.65
0.00
0.00
0.00
71.17
0.00
0.00
0.00
59.00
0.00
0.00
0.00
56.98
0.00
0.00
0.00
60.39
0.00
0.00
0.00
60.68
0.00
0.00
0.00
60.58
0.00
0.00
0.00
65.60
0.00
0.00
0.00
59.09
0.00
0.00
0.00
57.34
0.00
0.00
0.00
61.54
0.00
0.00
0.00
57.37
0.00
0.00
0.00
53.17
0.00
0.00
0.00
69.14
0.00
0.00
0.00
65.58
0.00
0.00
0.00
71.52
0.00
0.00
0.00
68.98
0.00
0.00
0.00
65.56
0.00
0.00
0.00
53.37
0.00
0.00
0.00
59.21
0.00
0.00
0.00
59.03
0.00
0.00
0.00
61.36
0.00
0.00
0.00
56.33
0.00
0.00
0.00
64.52
0.00
0.00
0.00
67.89
0.00
0.00
0.00
58.61
0.00
0.00
0.00
64.36
0.00
0.00
0.00
64.00
0.00
0.00
0.00
73.57
0.00
0.00
0.00
55.20
0.00
0.00
0.00
58.05
0.00
0.00
0.00
52.88
0.00
0.00
0.00
79.14
0.00
0.00
0.00
57.96
0.00
0.00
0.00
66.37
0.00
0.00
0.00
68.38
0.00
0.00
0.00
57.43
0.00
0.00
0.00
68.45
0.00
0.00
0.00
59.78
0.00
0.00
0.00
49.36
0.00
0.00
0.00
59.98
0.00
0.00
0.00
60.22
0.00
0.00
0.00
52.61
0.00
0.00
0.00
64.44
0.00
0.00
0.00
55.87
0.00
0.00
0.00
65.17
0.00
0.00
0.00
68.02
0.00
0.00
0.00
67.15
0.00
0.00
0.00
66.74
0.00
0.00
0.00
65.40
0.00
0.00
0.00
55.44
0.00
0.00
0.00
90.32
0.00
0.00
0.00
61.04
0.00
0.00
0.00
67.09
0.00
0.00
0.00
58.09
0.00
0.00
0.00
70.83
0.00
0.00
0.00
53.54
0.00
0.00
0.00
69.87
0.00
0.00
0.00
64.88
0.00
0.00
0.00
55.21
0.00
0.00
0.00
52.11
0.00
0.00
0.00
57.94
0.00
0.00
0.00
65.19
0.00
0.00
0.00
68.67
0.00
0.00
0.00
68.54
0.00
0.00
0.00
71.88
0.00
0.00
0.00
61.92
0.00
0.00
0.00
64.96
0.00
0.00
0.00
61.88
0.00
0.00
0.00
69.90
0.00
0.00
0.00
65.22
0.00
0.00
0.00
53.59
0.00
0.00
0.00
66.31
0.00
0.00
0.00
0.00
0.00
0.00
0.00
0.00
0.00
0.00
0.00
99.99
0.00
0.00
0.00
0.00
0.00
0.00
0.00
0.00
0.00
0.00
0.00
0.00
0.00
0.00
0.00
0.00
0.00
0.00
0.00
59.38
0.00
0.00
0.00
68.58
0.00
0.00
0.00
59.28
0.00
0.00
0.00
53.39
0.00
0.00
0.00
65.77
0.00
0.00
0.00
66.91
0.00
0.00
0.00
51.51
0.00
0.00
0.00
65.14
0.00
0.00
0.00
63.42
0.00
0.00
0.00
61.08
0.00
0.00
0.00
63.53
0.00
0.00
0.00
57.19
0.00
0.00
0.00
71.05
0.00
0.00
0.00
58.49
0.00
0.00
0.00
53.58
0.00
0.00
0.00
61.15
0.00
0.00
0.00
63.56
0.00
0.00
0.00
61.05
0.00
0.00
0.00
56.87
0.00
0.00
0.00
57.41
0.00
0.00
0.00
59.33
0.00
0.00
0.00
62.29
0.00
0.00
0.00
49.93
0.00
0.00
0.00
47.09
0.00
0.00
0.00
46.65
0.00
0.00
0.00
61.39
0.00
0.00
0.00
58.54
0.00
0.00
0.00
60.83
0.00
0.00
0.00
54.41
0.00
0.00
0.00
53.71
0.00
0.00
0.00
70.18
0.00
0.00
0.00
59.21
0.00
0.00
0.00
70.21
0.00
0.00
0.00
76.59
0.00
0.00
0.00
70.44
0.00
0.00
0.00
56.72
0.00
0.00
0.00
57.24
0.00
0.00
0.00
54.10
0.00
0.00
0.00
56.45
0.00
0.00
0.00
47.85
0.00
0.00
0.00
60.76
0.00
0.00
0.00
65.75
0.00
0.00
0.00
59.73
0.00
0.00
0.00
58.42
0.00
0.00
0.00
60.01
0.00
0.00
0.00
54.81
0.00
0.00
0.00
59.28
0.00
0.00
0.00
46.65
0.00
0.00
0.00
0.00
0.00
0.00
0.00
0.00
0.00
0.00
0.00
0.00
0.00
0.00
0.00
4.74
0.00
0.00
0.00
0.00
0.00
0.00
0.00
65.08
0.00
0.00
0.00
47.56
0.00
0.00
0.00
67.04
0.00
0.00
0.00
44.70
0.00
0.00
0.00
65.26
0.00
0.00
0.00
54.62
0.00
0.00
0.00
69.28
0.00
0.00
0.00
63.23
0.00
0.00
0.00
65.11
0.00
0.00
0.00
51.99
0.00
0.00
0.00
70.73
0.00
0.00
0.00
60.49
0.00
0.00
0.00
63.52
0.00
0.00
0.00
58.74
0.00
0.00
0.00
64.11
0.00
0.00
0.00
68.07
0.00
0.00
0.00
51.47
0.00
0.00
0.00
63.07
0.00
0.00
0.00
62.69
0.00
0.00
0.00
55.22
0.00
0.00
0.00
56.90
0.00
0.00
0.00
62.38
0.00
0.00
0.00
65.29
0.00
0.00
0.00
65.75
0.00
0.00
0.00
67.37
0.00
0.00
0.00
53.49
0.00
0.00
0.00
63.42
0.00
0.00
0.00
60.10
0.00
0.00
0.00
60.09
0.00
0.00
0.00
57.31
0.00
0.00
0.00
65.64
0.00
0.00
0.00
58.11
0.00
0.00
0.00
65.44
0.00
0.00
0.00
62.16
0.00
0.00
0.00
62.72
0.00
0.00
0.00
68.52
0.00
0.00
0.00
65.20
0.00
0.00
0.00
66.68
0.00
0.00
0.00
58.85
0.00
0.00
0.00
71.34
0.00
0.00
0.00
70.30
0.00
0.00
0.00
57.61
0.00
0.00
0.00
57.91
0.00
0.00
0.00
54.68
0.00
0.00
0.00
72.00
0.00
0.00
0.00
67.65
0.00
0.00
0.00
65.26
0.00
0.00
0.00
61.00
0.00
0.00
0.00
59.86
0.00
0.00
0.00
58.69
0.00
0.00
0.00
61.67
0.00
0.00
0.00
55.03
0.00
0.00
0.00
64.82
0.00
0.00
0.00
59.90
0.00
0.00
0.00
61.41
0.00
0.00
0.00
65.66
0.00
0.00
0.00
68.96
0.00
0.00
0.00
65.28
0.00
0.00
0.00
68.00
0.00
0.00
0.00
64.78
0.00
0.00
0.00
66.20
0.00
0.00
0.00
72.57
0.00
0.00
0.00
61.17
0.00
0.00
0.00
55.60
0.00
0.00
0.00
58.12
0.00
0.00
0.00
70.14
0.00
0.00
0.00
49.62
0.00
0.00
0.00
62.54
0.00
0.00
0.00
62.24
0.00
0.00
0.00
63.47
0.00
0.00
0.00
62.23
0.00
0.00
0.00
62.93
0.00
0.00
0.00
59.49
0.00
0.00
0.00
63.19
0.00
0.00
0.00
55.19
0.00
0.00
0.00
70.37
0.00
0.00
0.00
61.08
0.00
0.00
0.00
58.05
0.00
0.00
0.00
59.11
0.00
0.00
0.00
57.69
0.00
0.00
0.00
61.56
0.00
0.00
0.00
58.75
0.00
0.00
0.00
54.17
0.00
0.00
0.00
63.43
0.00
0.00
0.00
59.34
0.00
0.00
0.00
59.56
0.00
0.00
0.00
65.92
0.00
0.00
0.00
66.57
0.00
0.00
0.00
58.03
0.00
0.00
0.00
51.39
0.00
0.00
0.00
63.60
0.00
0.00
0.00
52.77
0.00
0.00
0.00
69.74
0.00
0.00
0.00
57.45
0.00
0.00
0.00
48.72
0.00
0.00
0.00
62.14
0.00
0.00
0.00
59.59
0.00
0.00
0.00
64.81
0.00
0.00
0.00
67.13
0.00
0.00
0.00
0.00
0.00
0.00
0.00
0.00
0.00
0.00
0.00
0.00
0.00
0.00
0.00
0.00
0.00
0.00
0.00
90.60
0.00
0.00
0.00
0.00
0.00
0.00
0.00
99.99
0.00
0.00
0.00
56.37
0.00
0.00
0.00
66.02
0.00
0.00
0.00
63.12
0.00
0.00
0.00
53.74
0.00
0.00
0.00
61.50
0.00
0.00
0.00
65.13
0.00
0.00
0.00
61.41
0.00
0.00
0.00
55.76
0.00
0.00
0.00
58.55
0.00
0.00
0.00
26.34
0.00
0.00
0.00
64.47
0.00
0.00
0.00
65.49
0.00
0.00
0.00
69.50
0.00
0.00
0.00
61.35
0.00
0.00
0.00
68.18
0.00
0.00
0.00
51.10
0.00
0.00
0.00
65.94
0.00
0.00
0.00
66.49
0.00
0.00
0.00
57.49
0.00
0.00
0.00
55.12
0.00
0.00
0.00
58.47
0.00
0.00
0.00
66.08
0.00
0.00
0.00
60.82
0.00
0.00
0.00
55.05
0.00
0.00
0.00
59.75
0.00
0.00
0.00
65.10
0.00
0.00
0.00
61.94
0.00
0.00
0.00
58.54
0.00
0.00
0.00
63.73
0.00
0.00
0.00
64.47
0.00
0.00
0.00
62.18
0.00
0.00
0.00
55.63
0.00
0.00
0.00
59.94
0.00
0.00
0.00
58.98
0.00
0.00
0.00
59.57
0.00
0.00
0.00
57.84
0.00
0.00
0.00
63.86
0.00
0.00
0.00
65.19
0.00
0.00
0.00
67.45
0.00
0.00
0.00
57.95
0.00
0.00
0.00
56.29
0.00
0.00
0.00
64.26
0.00
0.00
0.00
63.70
0.00
0.00
0.00
73.72
0.00
0.00
0.00
62.13
0.00
0.00
0.00
58.30
0.00
0.00
0.00
56.96
0.00
0.00
0.00
54.09
0.00
0.00
0.00
57.42
0.00
0.00
0.00
99.99
0.00
0.00
0.00
99.99
0.00
0.00
0.00
99.99
0.00
0.00
0.00
99.99
0.00
0.00
0.00
43.31
0.00
0.00
0.00
0.00
0.00
0.00
0.00
48.65
0.00
0.00
0.00
56.62
0.00
0.00
0.00
52.16
0.00
0.00
0.00
69.08
0.00
0.00
0.00
0.00
0.00
0.00
0.00
99.99
0.00
0.00
0.00
99.99
0.00
0.00
0.00
0.00
0.00
0.00
0.00
0.00
0.00
0.00
0.00
0.00
0.00
0.00
0.00
99.99
0.00
0.00
0.00
0.00
0.00
0.00
0.00
99.99
0.00
0.00
0.00
0.00
0.00
0.00
0.00
0.00
0.00
0.00
0.00
0.00
0.00
0.00
0.00
0.00
0.00
0.00
0.00
77.20
0.00
0.00
0.00
48.17
0.00
0.00
0.00
66.91
0.00
0.00
0.00
54.16
0.00
0.00
0.00
65.38
0.00
0.00
0.00
53.23
0.00
0.00
0.00
57.04
0.00
0.00
0.00
67.04
0.00
0.00
0.00
52.02
0.00
0.00
0.00
61.96
0.00
0.00
0.00
62.67
0.00
0.00
0.00
61.82
0.00
0.00
0.00
57.11
0.00
0.00
0.00
55.59
0.00
0.00
0.00
56.00
0.00
0.00
0.00
50.79
0.00
0.00
0.00
59.73
0.00
0.00
0.00
72.57
0.00
0.00
0.00
67.13
0.00
0.00
0.00
66.25
0.00
0.00
0.00
64.64
0.00
0.00
0.00
66.97
0.00
0.00
0.00
57.08
0.00
0.00
0.00
61.88
0.00
0.00
0.00
51.55
0.00
0.00
0.00
54.59
0.00
0.00
0.00
59.48
0.00
0.00
0.00
54.38
0.00
0.00
0.00
64.50
0.00
0.00
0.00
60.29
0.00
0.00
0.00
64.85
0.00
0.00
0.00
65.43
0.00
0.00
0.00
57.85
0.00
0.00
0.00
64.52
0.00
0.00
0.00
68.44
0.00
0.00
0.00
59.51
0.00
0.00
0.00
48.09
0.00
0.00
0.00
64.48
0.00
0.00
0.00
60.43
0.00
0.00
0.00
63.31
0.00
0.00
0.00
70.46
0.00
0.00
0.00
62.08
0.00
0.00
0.00
69.71
0.00
0.00
0.00
72.51
0.00
0.00
0.00
61.27
0.00
0.00
0.00
55.94
0.00
0.00
0.00
67.19
0.00
0.00
0.00
49.09
0.00
0.00
0.00
53.99
0.00
0.00
0.00
63.69
0.00
0.00
0.00
62.65
0.00
0.00
0.00
71.56
0.00
0.00
0.00
54.07
0.00
0.00
0.00
50.02
0.00
0.00
0.00
67.00
0.00
0.00
0.00
58.77
0.00
0.00
0.00
50.99
0.00
0.00
0.00
69.12
0.00
0.00
0.00
68.25
0.00
0.00
0.00
65.89
0.00
0.00
0.00
53.19
0.00
0.00
0.00
71.94
0.00
0.00
0.00
61.34
0.00
0.00
0.00
59.23
0.00
0.00
0.00
70.68
0.00
0.00
0.00
58.79
0.00
0.00
0.00
68.06
0.00
0.00
0.00
55.92
0.00
0.00
0.00
63.33
0.00
0.00
0.00
55.56
0.00
0.00
0.00
70.39
0.00
0.00
0.00
60.71
0.00
0.00
0.00
60.12
0.00
0.00
0.00
52.55
0.00
0.00
0.00
55.38
0.00
0.00
0.00
53.42
0.00
0.00
0.00
57.62
0.00
0.00
0.00
57.12
0.00
0.00
0.00
71.92
0.00
0.00
0.00
57.12
0.00
0.00
0.00
49.24
0.00
0.00
0.00
61.56
0.00
0.00
0.00
58.91
0.00
0.00
0.00
64.86
0.00
0.00
0.00
64.43
0.00
0.00
0.00
57.66
0.00
0.00
0.00
56.64
0.00
0.00
0.00
68.84
0.00
0.00
0.00
54.52
0.00
0.00
0.00
49.48
0.00
0.00
0.00
63.08
0.00
0.00
0.00
61.93
0.00
0.00
0.00
54.06
0.00
0.00
0.00
58.44
0.00
0.00
0.00
56.66
0.00
0.00
0.00
63.13
0.00
0.00
0.00
68.14
0.00
0.00
0.00
63.00
0.00
0.00
0.00
57.15
0.00
0.00
0.00
69.57
0.00
0.00
0.00
53.87
0.00
0.00
0.00
62.15
0.00
0.00
0.00
59.02
0.00
0.00
0.00
63.87
0.00
0.00
0.00
62.33
0.00
0.00
0.00
55.89
0.00
0.00
0.00
75.31
0.00
0.00
0.00
52.73
0.00
0.00
0.00
55.40
0.00
0.00
0.00
65.69
0.00
0.00
0.00
63.13
0.00
0.00
0.00
61.21
0.00
0.00
0.00
59.53
0.00
0.00
0.00
66.71
0.00
0.00
0.00
63.22
0.00
0.00
0.00
54.25
0.00
0.00
0.00
52.68
0.00
0.00
0.00
58.43
0.00
0.00
0.00
61.20
0.00
0.00
0.00
57.34
0.00
0.00
0.00
68.00
0.00
0.00
0.00
59.34
0.00
0.00
0.00
62.58
0.00
0.00
0.00
63.06
0.00
0.00
0.00
70.97
0.00
0.00
0.00
54.94
0.00
0.00
0.00
66.73
0.00
0.00
0.00
61.07
0.00
0.00
0.00
64.18
0.00
0.00
0.00
61.77
0.00
0.00
0.00
58.47
0.00
0.00
0.00
63.47
0.00
0.00
0.00
59.90
0.00
0.00
0.00
47.16
0.00
0.00
0.00
97.15
0.00
0.00
0.00
62.63
0.00
0.00
0.00
56.55
0.00
0.00
0.00
64.12
0.00
0.00
0.00
55.09
0.00
0.00
0.00
57.15
0.00
0.00
0.00
67.19
0.00
0.00
0.00
63.55
0.00
0.00
0.00
71.61
0.00
0.00
0.00
61.12
0.00
0.00
0.00
51.77
0.00
0.00
0.00
52.26
0.00
0.00
0.00
59.50
0.00
0.00
0.00
99.99
0.00
0.00
0.00
81.12
0.00
0.00
0.00
55.23
0.00
0.00
0.00
56.41
0.00
0.00
0.00
53.09
0.00
0.00
0.00
67.31
0.00
0.00
0.00
60.73
0.00
0.00
0.00
66.55
0.00
0.00
0.00
56.60
0.00
0.00
0.00
55.95
0.00
0.00
0.00
82.02
0.00
0.00
0.00
59.96
0.00
0.00
0.00
59.19
0.00
0.00
0.00
57.95
0.00
0.00
0.00
64.98
0.00
0.00
0.00
56.54
0.00
0.00
0.00
59.48
0.00
0.00
0.00
62.67
0.00
0.00
0.00
65.94
0.00
0.00
0.00
62.45
0.00
0.00
0.00
68.05
0.00
0.00
0.00
54.18
0.00
0.00
0.00
63.54
0.00
0.00
0.00
53.48
0.00
0.00
0.00
58.65
0.00
0.00
0.00
53.50
0.00
0.00
0.00
66.21
0.00
0.00
0.00
62.88
0.00
0.00
0.00
76.55
0.00
0.00
0.00
70.61
0.00
0.00
0.00
60.89
0.00
0.00
0.00
63.26
0.00
0.00
0.00
85.11
0.00
0.00
0.00
60.03
0.00
0.00
0.00
69.99
0.00
0.00
0.00
67.91
0.00
0.00
0.00
0.00
0.00
0.00
0.00
57.18
0.00
0.00
0.00
77.19
0.00
0.00
0.00
58.83
0.00
0.00
0.00
52.88
0.00
0.00
0.00
62.51
0.00
0.00
0.00
59.14
0.00
0.00
0.00
52.94
0.00
0.00
0.00
53.92
0.00
0.00
0.00
55.75
0.00
0.00
0.00
60.98
0.00
0.00
0.00
63.79
0.00
0.00
0.00
63.15
0.00
0.00
0.00
65.64
0.00
0.00
0.00
61.70
0.00
0.00
0.00
0.00
0.00
0.00
0.00
75.34
0.00
0.00
0.00
82.63
0.00
0.00
0.00
99.99
0.00
0.00
0.00
0.00
0.00
0.00
0.00
0.00
0.00
0.00
0.00
0.00
0.00
0.00
0.00
0.00
0.00
0.00
0.00
0.00
0.00
0.00
0.00
62.53
0.00
0.00
0.00
62.36
0.00
0.00
0.00
0.00
0.00
0.00
0.00
39.92
0.00
0.00
0.00
16.61
0.00
0.00
0.00
88.74
0.00
0.00
0.00
0.00
0.00
0.00
0.00
50.72
0.00
0.00
0.00
73.44
0.00
0.00
0.00
0.00
0.00
0.00
0.00
0.00
0.00
0.00
0.00
0.00
0.00
0.00
0.00
0.00
0.00
0.00
0.00
0.00
0.00
0.00
0.00
0.00
0.00
0.00
0.00
0.00
0.00
0.00
0.00
0.00
0.00
0.00
0.00
0.00
0.00
0.00
0.00
0.00
0.00
0.00
0.00
56.68
0.00
0.00
0.00
70.07
0.00
0.00
0.00
64.86
0.00
0.00
0.00
56.50
0.00
0.00
0.00
57.33
0.00
0.00
0.00
48.61
0.00
0.00
0.00
60.65
0.00
0.00
0.00
61.68
0.00
0.00
0.00
54.23
0.00
0.00
0.00
72.93
0.00
0.00
0.00
54.96
0.00
0.00
0.00
63.56
0.00
0.00
0.00
58.48
0.00
0.00
0.00
62.42
0.00
0.00
0.00
67.16
0.00
0.00
0.00
65.47
0.00
0.00
0.00
62.07
0.00
0.00
0.00
64.16
0.00
0.00
0.00
53.62
0.00
0.00
0.00
74.28
0.00
0.00
0.00
53.82
0.00
0.00
0.00
69.66
0.00
0.00
0.00
56.02
0.00
0.00
0.00
63.87
0.00
0.00
0.00
59.63
0.00
0.00
0.00
53.48
0.00
0.00
0.00
60.21
0.00
0.00
0.00
62.82
0.00
0.00
0.00
62.23
0.00
0.00
0.00
62.26
0.00
0.00
0.00
64.61
0.00
0.00
0.00
66.54
0.00
0.00
0.00
64.54
0.00
0.00
0.00
47.47
0.00
0.00
0.00
60.39
0.00
0.00
0.00
53.56
0.00
0.00
0.00
63.17
0.00
0.00
0.00
57.80
0.00
0.00
0.00
60.17
0.00
0.00
0.00
64.83
0.00
0.00
0.00
58.03
0.00
0.00
0.00
65.62
0.00
0.00
0.00
69.91
0.00
0.00
0.00
54.31
0.00
0.00
0.00
57.68
0.00
0.00
0.00
62.32
0.00
0.00
0.00
55.95
0.00
0.00
0.00
47.95
0.00
0.00
0.00
0.00
0.00
0.00
0.00
0.00
0.00
0.00
0.00
63.56
0.00
0.00
0.00
56.98
0.00
0.00
0.00
61.73
0.00
0.00
0.00
59.98
0.00
0.00
0.00
64.40
0.00
0.00
0.00
58.80
0.00
0.00
0.00
72.62
0.00
0.00
0.00
59.18
0.00
0.00
0.00
62.41
0.00
0.00
0.00
55.10
0.00
0.00
0.00
56.64
0.00
0.00
0.00
56.72
0.00
0.00
0.00
64.97
0.00
0.00
0.00
64.32
0.00
0.00
0.00
65.93
0.00
0.00
0.00
69.20
0.00
0.00
0.00
66.35
0.00
0.00
0.00
63.65
0.00
0.00
0.00
56.23
0.00
0.00
0.00
53.71
0.00
0.00
0.00
53.44
0.00
0.00
0.00
60.45
0.00
0.00
0.00
58.67
0.00
0.00
0.00
63.22
0.00
0.00
0.00
64.62
0.00
0.00
0.00
58.93
0.00
0.00
0.00
55.48
0.00
0.00
0.00
59.35
0.00
0.00
0.00
54.71
0.00
0.00
0.00
53.75
0.00
0.00
0.00
52.81
0.00
0.00
0.00
59.12
0.00
0.00
0.00
59.90
0.00
0.00
0.00
58.62
0.00
0.00
0.00
60.81
0.00
0.00
0.00
58.23
0.00
0.00
0.00
62.58
0.00
0.00
0.00
58.23
0.00
0.00
0.00
64.10
0.00
0.00
0.00
60.95
0.00
0.00
0.00
45.20
0.00
0.00
0.00
52.95
0.00
0.00
0.00
76.99
0.00
0.00
0.00
63.28
0.00
0.00
0.00
69.42
0.00
0.00
0.00
60.55
0.00
0.00
0.00
59.78
0.00
0.00
0.00
59.43
0.00
0.00
0.00
60.84
0.00
0.00
0.00
58.62
0.00
0.00
0.00
54.91
0.00
0.00
0.00
63.16
0.00
0.00
0.00
61.37
0.00
0.00
0.00
60.06
0.00
0.00
0.00
62.76
0.00
0.00
0.00
99.99
0.00
0.00
0.00
64.42
0.00
0.00
0.00
44.78
0.00
0.00
0.00
59.51
0.00
0.00
0.00
68.38
0.00
0.00
0.00
50.46
0.00
0.00
0.00
64.59
0.00
0.00
0.00
70.38
0.00
0.00
0.00
55.43
0.00
0.00
0.00
62.84
0.00
0.00
0.00
60.78
0.00
0.00
0.00
66.60
0.00
0.00
0.00
65.19
0.00
0.00
0.00
60.56
0.00
0.00
0.00
66.03
0.00
0.00
0.00
58.90
0.00
0.00
0.00
63.69
0.00
0.00
0.00
74.52
0.00
0.00
0.00
67.43
0.00
0.00
0.00
52.76
0.00
0.00
0.00
62.12
0.00
0.00
0.00
65.22
0.00
0.00
0.00
62.23
0.00
0.00
0.00
46.12
0.00
0.00
0.00
64.09
0.00
0.00
0.00
54.02
0.00
0.00
0.00
67.26
0.00
0.00
0.00
62.18
0.00
0.00
0.00
58.52
0.00
0.00
0.00
71.60
0.00
0.00
0.00
61.88
0.00
0.00
0.00
58.97
0.00
0.00
0.00
66.07
0.00
0.00
0.00
71.39
0.00
0.00
0.00
59.64
0.00
0.00
0.00
56.56
0.00
0.00
0.00
53.47
0.00
0.00
0.00
66.77
0.00
0.00
0.00
59.37
0.00
0.00
0.00
67.24
0.00
0.00
0.00
54.53
0.00
0.00
0.00
61.01
0.00
0.00
0.00
62.55
0.00
0.00
0.00
76.30
0.00
0.00
0.00
64.62
0.00
0.00
0.00
60.49
0.00
0.00
0.00
59.82
0.00
0.00
0.00
63.44
0.00
0.00
0.00
60.82
0.00
0.00
0.00
99.99
0.00
0.00
0.00
61.81
0.00
0.00
0.00
62.65
0.00
0.00
0.00
62.93
0.00
0.00
0.00
61.16
0.00
0.00
0.00
57.75
0.00
0.00
0.00
65.40
0.00
0.00
0.00
61.81
0.00
0.00
0.00
58.35
0.00
0.00
0.00
58.67
0.00
0.00
0.00
63.11
0.00
0.00
0.00
62.04
0.00
0.00
0.00
56.41
0.00
0.00
0.00
58.48
0.00
0.00
0.00
75.92
0.00
0.00
0.00
74.89
0.00
0.00
0.00
62.27
0.00
0.00
0.00
59.02
0.00
0.00
0.00
71.39
0.00
0.00
0.00
64.95
0.00
0.00
0.00
58.02
0.00
0.00
0.00
37.45
0.00
0.00
0.00
0.00
0.00
0.00
0.00
30.40
0.00
0.00
0.00
0.00
0.00
0.00
0.00
0.00
0.00
0.00
0.00
0.00
0.00
0.00
0.00
0.00
0.00
0.00
0.00
0.00
0.00
0.00
0.00
0.00
0.00
0.00
0.00
0.00
0.00
0.00
0.00
0.00
0.00
0.00
0.00
0.00
0.00
0.00
0.00
0.00
0.00
0.00
0.00
0.00
0.00
0.00
0.00
0.00
0.00
0.00
0.00
0.00
0.00
0.00
0.00
0.00
0.00
0.00
0.00
0.00
0.00
0.00
0.00
0.00
0.00
0.00
0.00
0.00
0.00
0.00
0.00
0.00
0.00
0.00
0.00
0.00
0.00
0.00
0.00
0.00
0.00
0.00
0.00
0.00
0.00
0.00
0.00
0.00
0.00
0.00
0.00
0.00
0.00
0.00
0.00
0.00
0.00
0.00
0.00
0.00
0.00
0.00
0.00
0.00
0.00
0.00
0.00
0.00
0.00
0.00
0.00
0.00
0.00
0.00
0.00
0.00
0.00
0.00
0.00
0.00
0.00
0.00
0.00
0.00
0.00
0.00
0.00
0.00
0.00
0.00
0.00
0.00
0.00
0.00
0.00
0.00
0.00
0.00
0.00
0.00
0.00
0.00
0.00
0.00
0.00
0.00
0.00
0.00
0.00
0.00
0.00
0.00
0.00
0.00
0.00
0.00
0.00
0.00
0.00
0.00
0.00
0.00
0.00
0.00
0.00
0.00
0.00
0.00
0.00
0.00
0.00
0.00
0.00
0.00
0.00
0.00
0.00
0.00
0.00
0.00
0.00
0.00
0.00
0.00
0.00
0.00
0.00
0.00
0.00
0.00
0.00
0.00
0.00
0.00
0.00
0.00
0.00
0.00
0.00
0.00
0.00
0.00
0.00
0.00
0.00
0.00
0.00
0.00
0.00
0.00
0.00
0.00
0.00
0.00
0.00
0.00
0.00
0.00
0.00
0.00
0.00
0.00
0.00
0.00
0.00
0.00
0.00
0.00
0.00
0.00
0.00
0.00
0.00
0.00
0.00
0.00
0.00
0.00
0.00
0.00
0.00
0.00
0.00
0.00
0.00
0.00
0.00
0.00
0.00
0.00
0.00
0.00
0.00
0.00
0.00
0.00
0.00
0.00
0.00
0.00
0.00
0.00
0.00
0.00
0.00
0.00
0.00
0.00
0.00
0.00
0.00
0.00
0.00
0.00
0.00
0.00
0.00
0.00
0.00
0.00
0.00
0.00
0.00
0.00
0.00
0.00
0.00
0.00
0.00
0.00
0.00
0.00
0.00
0.00
0.00
0.00
0.00
0.00
0.00
0.00
0.00
0.00
0.00
0.00
0.00
0.00
0.00
0.00
0.00
0.00
0.00
0.00
0.00
0.00
0.00
0.00
0.00
0.00
0.00
0.00
0.00
0.00
0.00
0.00
0.00
0.00
0.00
0.00
0.00
0.00
0.00
0.00
0.00
0.00
0.00
0.00
0.00
0.00
0.00
0.00
0.00
0.00
0.00
0.00
0.00
0.00
0.00
0.00
0.00
0.00
0.00
0.00
0.00
0.00
0.00
0.00
0.00
0.00
0.00
0.00
0.00
0.00
0.00
0.00
0.00
0.00
0.00
0.00
0.00
0.00
0.00
0.00
0.00
0.00
0.00
0.00
0.00
0.00
0.00
0.00
0.00
0.00
0.00
0.00
0.00
0.00
0.00
0.00
0.00
0.00
0.00
0.00
0.00
0.00
0.00
0.00
0.00
0.00
0.00
0.00
0.00
0.00
0.00
0.00
0.00
0.00
0.00
0.00
0.00
0.00
0.00
0.00
0.00
0.00
0.00
0.00
0.00
0.00
0.00
0.00
0.00
0.00
0.00
0.00
0.00
0.00
0.00
0.00
0.00
0.00
0.00
0.00
0.00
0.00
0.00
0.00
0.00
0.00
0.00
0.00
0.00
0.00
0.00
0.00
0.00
0.00
0.00
0.00
0.00
0.00
0.00
0.00
0.00
0.00
0.00
0.00
0.00
0.00
0.00
0.00
0.00
0.00
0.00
0.00
0.00
0.00
0.00
0.00
0.00
0.00
0.00
0.00
0.00
0.00
0.00
0.00
0.00
0.00
0.00
0.00
0.00
0.00
0.00
0.00
0.00
0.00
0.00
0.00
0.00
0.00
0.00
0.00
0.00
0.00
0.00
0.00
0.00
0.00
0.00
0.00
0.00
0.00
0.00
0.00
0.00
0.00
0.00
0.00
0.00
0.00
0.00
0.00
0.00
0.00
0.00
0.00
0.00
0.00
0.00
0.00
0.00
0.00
0.00
0.00
0.00
0.00
0.00
0.00
0.00
0.00
0.00
0.00
0.00
0.00
0.00
0.00
0.00
0.00
0.00
0.00
0.00
0.00
0.00
0.00
0.00
0.00
0.00
0.00
0.00
0.00
0.00
0.00
0.00
0.00
0.00
0.00
0.00
0.00
0.00
0.00
0.00
0.00
0.00
0.00
0.00
0.00
0.00
0.00
0.00
0.00
0.00
0.00
0.00
0.00
0.00
0.00
0.00
0.00
0.00
0.00
0.00
0.00
0.00
0.00
0.00
0.00
0.00
0.00
0.00
0.00
0.00
0.00
0.00
0.00
0.00
0.00
0.00
0.00
0.00
0.00
0.00
0.00
0.00
0.00
0.00
0.00
0.00
0.00
0.00
0.00
0.00
0.00
0.00
0.00
0.00
0.00
0.00
0.00
0.00
0.00
0.00
0.00
0.00
0.00
0.00
0.00
0.00
0.00
0.00
0.00
0.00
0.00
0.00
0.00
0.00
0.00
0.00
0.00
0.00
0.00
0.00
0.00
0.00
0.00
0.00
0.00
0.00
0.00
0.00
0.00
0.00
0.00
0.00
0.00
0.00
0.00
0.00
0.00
0.00
0.00
0.00
0.00
0.00
0.00
0.00
0.00
0.00
0.00
0.00
0.00
0.00
0.00
0.00
0.00
0.00
0.00
0.00
0.00
0.00
0.00
0.00
0.00
0.00
0.00
0.00
0.00
0.00
0.00
0.00
0.00
0.00
0.00
0.00
0.00
0.00
0.00
0.00
0.00
0.00
0.00
0.00
0.00
0.00
0.00
0.00
0.00
0.00
0.00
0.00
0.00
0.00
0.00
0.00
0.00
0.00
0.00
0.00
0.00
0.00
0.00
0.00
0.00
0.00
0.00
0.00
0.00
0.00
0.00
0.00
0.00
0.00
0.00
0.00
0.00
0.00
0.00
0.00
0.00
0.00
0.00
0.00
0.00
0.00
0.00
0.00
0.00
0.00
0.00
0.00
0.00
0.00
0.00
0.00
0.00
0.00
0.00
0.00
0.00
0.00
0.00
0.00
0.00
0.00
0.00
0.00
0.00
0.00
0.00
0.00
0.00
0.00
0.00
0.00
0.00
0.00
0.00
0.00
0.00
0.00
0.00
0.00
0.00
0.00
0.00
0.00
0.00
0.00
0.00
0.00
0.00
0.00
0.00
0.00
0.00
0.00
0.00
0.00
0.00
0.00
0.00
0.00
24.92
0.00
0.00
0.00
0.00
0.00
0.00
0.00
0.00
0.00
0.00
0.00
0.00
0.00
0.00
0.00
0.00
0.00
0.00
0.00
0.00
0.00
0.00
0.00
0.00
0.00
0.00
0.00
0.00
0.00
0.00
0.00
0.00
0.00
0.00
0.00
0.00
0.00
0.00
0.00
