0.00
0.00
0.00
0.00
0.00
0.00
0.00
0.00
0.00
0.00
0.00
0.00
0.00
0.00
0.00
0.00
0.00
0.00
0.00
0.00
0.00
0.00
0.00
0.00
0.00
0.00
0.00
0.00
0.00
0.00
0.00
0.00
0.00
0.00
0.00
0.00
0.00
0.00
0.00
0.00
0.00
0.00
0.00
0.00
0.00
0.00
0.00
0.00
0.00
0.00
0.00
0.00
0.00
0.00
0.00
0.00
0.00
0.00
0.00
0.00
0.00
0.00
0.00
0.00
0.00
0.00
0.00
0.00
0.00
0.00
0.00
0.00
0.00
0.00
0.00
0.00
0.00
0.00
0.00
0.00
0.00
0.00
66.59
0.00
0.00
0.00
72.31
0.00
0.00
0.00
61.78
0.00
0.00
0.00
61.52
0.00
0.00
0.00
62.73
0.00
0.00
0.00
59.33
0.00
0.00
0.00
69.60
0.00
0.00
0.00
64.22
0.00
0.00
0.00
55.10
0.00
0.00
0.00
59.57
0.00
0.00
0.00
68.43
0.00
0.00
0.00
57.90
0.00
0.00
0.00
60.89
0.00
0.00
0.00
64.75
0.00
0.00
0.00
64.61
0.00
0.00
0.00
70.89
0.00
0.00
0.00
68.19
0.00
0.00
0.00
47.84
0.00
0.00
0.00
68.56
0.00
0.00
0.00
53.07
0.00
0.00
0.00
59.96
0.00
0.00
0.00
60.46
0.00
0.00
0.00
59.30
0.00
0.00
0.00
0.00
0.00
0.00
0.00
0.00
0.00
0.00
0.00
57.11
0.00
0.00
0.00
59.90
0.00
0.00
0.00
57.08
0.00
0.00
0.00
56.77
0.00
0.00
0.00
66.22
0.00
0.00
0.00
59.71
0.00
0.00
0.00
60.78
0.00
0.00
0.00
64.49
0.00
0.00
0.00
63.50
0.00
0.00
0.00
61.24
0.00
0.00
0.00
60.00
0.00
0.00
0.00
64.61
0.00
0.00
0.00
63.68
0.00
0.00
0.00
58.53
0.00
0.00
0.00
63.76
0.00
0.00
0.00
65.34
0.00
0.00
0.00
58.86
0.00
0.00
0.00
60.66
0.00
0.00
0.00
61.75
0.00
0.00
0.00
79.56
0.00
0.00
0.00
61.73
0.00
0.00
0.00
61.04
0.00
0.00
0.00
61.48
0.00
0.00
0.00
70.99
0.00
0.00
0.00
58.33
0.00
0.00
0.00
71.61
0.00
0.00
0.00
62.74
0.00
0.00
0.00
68.32
0.00
0.00
0.00
58.21
0.00
0.00
0.00
64.92
0.00
0.00
0.00
67.34
0.00
0.00
0.00
58.94
0.00
0.00
0.00
53.63
0.00
0.00
0.00
59.07
0.00
0.00
0.00
61.71
0.00
0.00
0.00
48.07
0.00
0.00
0.00
69.19
0.00
0.00
0.00
67.52
0.00
0.00
0.00
63.86
0.00
0.00
0.00
65.61
0.00
0.00
0.00
68.15
0.00
0.00
0.00
60.10
0.00
0.00
0.00
69.29
0.00
0.00
0.00
53.35
15.35
0.00
0.00
64.22
0.00
0.00
0.00
41.05
0.00
0.00
0.00
56.00
0.00
0.00
0.00
47.83
0.00
0.00
0.00
64.80
0.00
0.00
0.00
62.07
0.00
0.00
0.00
65.38
0.00
0.00
0.00
51.73
0.00
0.00
0.00
52.28
0.00
0.00
0.00
57.55
0.00
0.00
0.00
57.17
0.00
0.00
0.00
56.03
0.00
0.00
0.00
65.88
0.00
0.00
0.00
63.78
0.00
0.00
0.00
51.80
0.00
0.00
0.00
65.23
0.00
0.00
0.00
58.39
0.00
0.00
0.00
60.17
0.00
0.00
0.00
60.62
0.00
0.00
0.00
70.91
0.00
0.00
0.00
58.37
0.00
0.00
0.00
0.00
0.00
0.00
0.00
13.12
0.00
0.00
0.00
0.00
0.00
0.00
0.00
0.00
0.00
0.00
0.00
0.00
0.00
0.00
0.00
0.00
0.00
0.00
0.00
34.41
0.00
0.00
0.00
59.88
0.00
0.00
0.00
56.03
0.00
0.00
0.00
54.60
0.00
0.00
0.00
68.76
0.00
0.00
0.00
71.41
0.00
0.00
0.00
66.77
0.00
0.00
0.00
64.48
0.00
0.00
0.00
52.57
0.00
0.00
0.00
60.60
0.00
0.00
0.00
61.64
0.00
0.00
0.00
67.17
0.00
0.00
0.00
65.41
0.00
0.00
0.00
50.45
0.00
0.00
0.00
67.47
0.00
0.00
0.00
73.67
0.00
0.00
0.00
60.91
0.00
0.00
0.00
69.93
0.00
0.00
0.00
58.33
0.00
0.00
0.00
65.48
0.00
0.00
0.00
71.37
0.00
0.00
0.00
66.36
0.00
0.00
0.00
53.21
0.00
0.00
0.00
60.16
0.00
0.00
0.00
61.69
0.00
0.00
0.00
60.15
0.00
0.00
0.00
75.75
0.00
0.00
0.00
58.29
0.00
0.00
0.00
56.37
0.00
0.00
0.00
61.62
0.00
0.00
0.00
50.54
0.00
0.00
0.00
49.93
0.00
0.00
0.00
64.39
0.00
0.00
0.00
55.29
0.00
0.00
0.00
58.38
0.00
0.00
0.00
66.08
0.00
0.00
0.00
56.48
0.00
0.00
0.00
72.07
0.00
0.00
0.00
61.43
0.00
0.00
0.00
65.51
0.00
0.00
0.00
68.88
0.00
0.00
0.00
49.79
0.00
0.00
0.00
73.39
0.00
0.00
0.00
63.82
0.00
0.00
0.00
66.77
0.00
0.00
0.00
52.22
0.00
0.00
0.00
57.47
0.00
0.00
0.00
60.24
0.00
0.00
0.00
61.22
0.00
0.00
0.00
0.00
0.00
0.00
0.00
38.65
0.00
0.00
0.00
0.00
0.00
0.00
0.00
0.00
0.00
0.00
0.00
61.99
0.00
0.00
0.00
60.09
0.00
0.00
0.00
59.36
0.00
0.00
0.00
58.78
0.00
0.00
0.00
57.85
0.00
0.00
0.00
69.68
0.00
0.00
0.00
66.39
0.00
0.00
0.00
70.47
0.00
0.00
0.00
63.05
0.00
0.00
0.00
68.31
0.00
0.00
0.00
60.82
0.00
0.00
0.00
68.37
0.00
0.00
0.00
64.83
0.00
0.00
0.00
61.25
0.00
0.00
0.00
60.69
0.00
0.00
0.00
48.64
0.00
0.00
0.00
77.70
0.00
0.00
0.00
60.98
0.00
0.00
0.00
72.34
0.00
0.00
0.00
53.42
0.00
0.00
0.00
70.71
0.00
0.00
0.00
63.06
0.00
0.00
0.00
58.35
0.00
0.00
0.00
61.24
0.00
0.00
0.00
61.05
0.00
0.00
0.00
62.82
0.00
0.00
0.00
63.57
0.00
0.00
0.00
71.50
0.00
0.00
0.00
65.97
0.00
0.00
0.00
65.79
0.00
0.00
0.00
60.22
0.00
0.00
0.00
65.15
0.00
0.00
0.00
59.79
0.00
0.00
0.00
63.05
0.00
0.00
0.00
59.97
0.00
0.00
0.00
68.34
0.00
0.00
0.00
63.11
0.00
0.00
0.00
61.92
0.00
0.00
0.00
65.11
0.00
0.00
0.00
63.31
0.00
0.00
0.00
61.52
0.00
0.00
0.00
59.04
0.00
0.00
0.00
75.22
0.00
0.00
0.00
58.18
0.00
0.00
0.00
56.60
0.00
0.00
0.00
64.10
0.00
0.00
0.00
63.89
0.00
0.00
0.00
62.09
0.00
0.00
0.00
62.22
0.00
0.00
0.00
57.99
0.00
0.00
0.00
56.92
0.00
0.00
0.00
62.05
0.00
0.00
0.00
61.77
0.00
0.00
0.00
63.05
0.00
0.00
0.00
57.88
0.00
0.00
0.00
57.46
0.00
0.00
0.00
64.50
0.00
0.00
0.00
62.57
0.00
0.00
0.00
70.84
0.00
0.00
0.00
63.52
0.00
0.00
0.00
58.21
0.00
0.00
0.00
59.34
0.00
0.00
0.00
55.41
0.00
0.00
0.00
62.09
0.00
0.00
0.00
51.24
0.00
0.00
0.00
55.49
0.00
0.00
0.00
61.42
0.00
0.00
0.00
17.88
0.00
0.00
0.00
61.49
0.00
0.00
0.00
64.75
0.00
0.00
0.00
60.57
0.00
0.00
0.00
69.28
0.00
0.00
0.00
65.03
0.00
0.00
0.00
55.45
0.00
0.00
0.00
67.81
0.00
0.00
0.00
67.54
0.00
0.00
0.00
60.23
0.00
0.00
0.00
57.18
0.00
0.00
0.00
63.01
0.00
0.00
0.00
66.39
0.00
0.00
0.00
58.27
0.00
0.00
0.00
60.97
0.00
0.00
0.00
62.35
0.00
0.00
0.00
60.82
0.00
0.00
0.00
57.38
0.00
0.00
0.00
57.14
0.00
0.00
0.00
65.16
0.00
0.00
0.00
57.80
0.00
0.00
0.00
68.32
0.00
0.00
0.00
64.49
0.00
0.00
0.00
68.15
0.00
0.00
0.00
63.14
0.00
0.00
0.00
58.62
0.00
0.00
0.00
62.22
0.00
0.00
0.00
67.93
0.00
0.00
0.00
62.57
0.00
0.00
0.00
67.39
0.00
0.00
0.00
63.65
0.00
0.00
0.00
56.80
0.00
0.00
0.00
0.00
0.00
0.00
0.00
0.00
0.00
0.00
0.00
0.00
0.00
0.00
0.00
99.99
0.00
0.00
0.00
0.00
0.00
0.00
0.00
99.99
0.00
0.00
0.00
99.99
0.00
0.00
0.00
59.46
0.00
0.00
0.00
67.40
0.00
0.00
0.00
73.89
0.00
0.00
0.00
64.10
0.00
0.00
0.00
73.43
0.00
0.00
0.00
61.79
0.00
0.00
0.00
61.18
0.00
0.00
0.00
59.85
0.00
0.00
0.00
71.74
0.00
0.00
0.00
72.48
0.00
0.00
0.00
56.74
0.00
0.00
0.00
50.96
0.00
0.00
0.00
60.78
0.00
0.00
0.00
61.17
0.00
0.00
0.00
67.78
0.00
0.00
0.00
56.42
0.00
0.00
0.00
60.38
0.00
0.00
0.00
59.57
0.00
0.00
0.00
53.66
0.00
0.00
0.00
63.62
0.00
0.00
0.00
53.91
0.00
0.00
0.00
69.15
0.00
0.00
0.00
61.54
0.00
0.00
0.00
67.38
0.00
0.00
0.00
66.13
0.00
0.00
0.00
60.64
0.00
0.00
0.00
57.59
0.00
0.00
0.00
66.06
0.00
0.00
0.00
57.87
0.00
0.00
0.00
67.02
0.00
0.00
0.00
58.36
0.00
0.00
0.00
56.34
0.00
0.00
0.00
66.11
0.00
0.00
0.00
53.58
0.00
0.00
0.00
70.33
0.00
0.00
0.00
61.92
0.00
0.00
0.00
64.96
0.00
0.00
0.00
69.45
0.00
0.00
0.00
61.90
0.00
0.00
0.00
59.87
0.00
0.00
0.00
62.79
0.00
0.00
0.00
61.99
0.00
0.00
0.00
68.47
0.00
0.00
0.00
53.87
0.00
0.00
0.00
64.48
0.00
0.00
0.00
62.55
0.00
0.00
0.00
69.05
0.00
0.00
0.00
64.95
0.00
0.00
0.00
40.34
0.00
0.00
0.00
99.12
0.00
0.00
0.00
0.00
0.00
0.00
0.00
64.24
0.00
0.00
0.00
0.00
0.00
0.00
0.00
0.00
0.00
0.00
0.00
0.00
0.00
0.00
0.00
80.62
0.00
0.00
0.00
0.00
0.00
0.00
0.00
0.00
0.00
0.00
0.00
0.00
0.00
0.00
0.00
0.00
0.00
0.00
0.00
0.00
0.00
0.00
0.00
99.99
0.00
0.00
0.00
0.00
0.00
0.00
0.00
0.00
0.00
0.00
0.00
0.00
0.00
0.00
0.00
19.12
0.00
0.00
0.00
0.00
0.00
0.00
0.00
0.00
0.00
0.00
0.00
99.99
0.00
0.00
0.00
99.99
0.00
0.00
0.00
83.44
0.00
0.00
0.00
65.72
0.00
0.00
0.00
53.14
0.00
0.00
0.00
66.19
0.00
0.00
0.00
58.41
0.00
0.00
0.00
64.76
0.00
0.00
0.00
67.84
0.00
0.00
0.00
70.43
0.00
0.00
0.00
63.70
0.00
0.00
0.00
53.62
0.00
0.00
0.00
74.82
0.00
0.00
0.00
59.94
0.00
0.00
0.00
65.91
0.00
0.00
0.00
59.42
0.00
0.00
0.00
68.49
0.00
0.00
0.00
58.02
0.00
0.00
0.00
67.23
0.00
0.00
0.00
52.30
0.00
0.00
0.00
61.50
0.00
0.00
0.00
62.23
0.00
0.00
0.00
58.59
0.00
0.00
0.00
55.12
0.00
0.00
0.00
78.05
0.00
0.00
0.00
65.72
0.00
0.00
0.00
70.07
0.00
0.00
0.00
48.73
0.00
0.00
0.00
60.76
0.00
0.00
0.00
53.83
0.00
0.00
0.00
60.70
0.00
0.00
0.00
62.09
0.00
0.00
0.00
54.77
0.00
0.00
0.00
66.85
0.00
0.00
0.00
69.72
0.00
0.00
0.00
63.74
0.00
0.00
0.00
58.22
0.00
0.00
0.00
52.82
0.00
0.00
0.00
55.08
0.00
0.00
0.00
57.44
0.00
0.00
0.00
40.27
0.00
0.00
0.00
99.99
0.00
0.00
0.00
63.96
0.00
0.00
0.00
68.82
0.00
0.00
0.00
62.04
0.00
0.00
0.00
64.55
0.00
0.00
0.00
59.00
0.00
0.00
0.00
50.89
0.00
0.00
0.00
57.42
0.00
0.00
0.00
62.61
0.00
0.00
0.00
67.36
0.00
0.00
0.00
71.13
0.00
0.00
0.00
68.22
0.00
0.00
0.00
70.06
0.00
0.00
0.00
62.28
0.00
0.00
0.00
65.53
0.00
0.00
0.00
67.43
0.00
0.00
0.00
55.01
0.00
0.00
0.00
65.46
0.00
0.00
0.00
71.29
0.00
0.00
0.00
62.20
0.00
0.00
0.00
60.66
0.00
0.00
0.00
57.66
0.00
0.00
0.00
63.14
0.00
0.00
0.00
55.26
0.00
0.00
0.00
55.00
0.00
0.00
0.00
70.30
0.00
0.00
0.00
59.27
0.00
0.00
0.00
61.97
0.00
0.00
0.00
64.76
0.00
0.00
0.00
66.41
0.00
0.00
0.00
60.34
0.00
0.00
0.00
55.98
0.00
0.00
0.00
62.24
0.00
0.00
0.00
67.37
0.00
0.00
0.00
67.99
0.00
0.00
0.00
69.46
0.00
0.00
0.00
63.76
0.00
0.00
0.00
65.60
0.00
0.00
0.00
65.86
0.00
0.00
0.00
67.65
0.00
0.00
0.00
59.45
0.00
0.00
0.00
60.30
0.00
0.00
0.00
61.84
0.00
0.00
0.00
58.87
0.00
0.00
0.00
59.16
0.00
0.00
0.00
57.64
0.00
0.00
0.00
61.87
0.00
0.00
0.00
58.04
0.00
0.00
0.00
62.60
0.00
0.00
0.00
81.98
0.00
0.00
0.00
61.55
0.00
0.00
0.00
58.22
0.00
0.00
0.00
61.11
0.00
0.00
0.00
41.82
0.00
0.00
0.00
64.74
0.00
0.00
0.00
51.01
0.00
0.00
0.00
53.42
0.00
0.00
0.00
57.07
0.00
0.00
0.00
60.40
0.00
0.00
0.00
59.05
0.00
0.00
0.00
51.36
0.00
0.00
0.00
54.97
0.00
0.00
0.00
65.56
0.00
0.00
0.00
62.28
0.00
0.00
0.00
70.04
0.00
0.00
0.00
62.44
0.00
0.00
0.00
58.53
0.00
0.00
0.00
59.32
0.00
0.00
0.00
60.90
0.00
0.00
0.00
63.85
0.00
0.00
0.00
64.87
0.00
0.00
0.00
52.65
0.00
0.00
0.00
53.53
0.00
0.00
0.00
71.21
0.00
0.00
0.00
59.80
0.00
0.00
0.00
53.08
0.00
0.00
0.00
62.91
0.00
0.00
0.00
58.75
0.00
0.00
0.00
60.21
0.00
0.00
0.00
68.67
0.00
0.00
0.00
70.50
0.00
0.00
0.00
68.82
0.00
0.00
0.00
52.79
0.00
0.00
0.00
62.15
0.00
0.00
0.00
62.84
0.00
0.00
0.00
63.88
0.00
0.00
0.00
73.13
0.00
0.00
0.00
58.17
0.00
0.00
0.00
58.45
0.00
0.00
0.00
67.33
0.00
0.00
0.00
60.51
0.00
0.00
0.00
66.81
0.00
0.00
0.00
53.38
0.00
0.00
0.00
72.77
0.00
0.00
0.00
69.52
0.00
0.00
0.00
61.53
0.00
0.00
0.00
58.71
0.00
0.00
0.00
61.58
0.00
0.00
0.00
21.58
0.00
0.00
0.00
59.37
0.00
0.00
0.00
59.98
0.00
0.00
0.00
67.22
0.00
0.00
0.00
61.09
0.00
0.00
0.00
52.34
0.00
0.00
0.00
67.02
0.00
0.00
0.00
58.98
0.00
0.00
0.00
54.68
0.00
0.00
0.00
61.67
0.00
0.00
0.00
61.50
0.00
0.00
0.00
99.99
0.00
0.00
0.00
60.29
0.00
0.00
0.00
65.82
0.00
0.00
0.00
71.25
0.00
0.00
0.00
71.80
0.00
0.00
0.00
51.81
0.00
0.00
0.00
65.13
0.00
0.00
0.00
50.12
0.00
0.00
0.00
52.77
0.00
0.00
0.00
62.89
0.00
0.00
0.00
59.87
0.00
0.00
0.00
51.59
0.00
0.00
0.00
61.50
0.00
0.00
0.00
63.61
0.00
0.00
0.00
61.99
0.00
0.00
0.00
48.51
0.00
0.00
0.00
65.41
0.00
0.00
0.00
65.66
0.00
0.00
0.00
71.75
0.00
0.00
0.00
68.01
0.00
0.00
0.00
58.13
0.00
0.00
0.00
58.81
0.00
0.00
0.00
72.17
0.00
0.00
0.00
58.32
0.00
0.00
0.00
55.57
0.00
0.00
0.00
69.05
0.00
0.00
0.00
55.70
0.00
0.00
0.00
57.37
0.00
0.00
0.00
58.54
0.00
0.00
0.00
52.29
0.00
0.00
0.00
67.93
0.00
0.00
0.00
52.16
0.00
0.00
0.00
57.14
0.00
0.00
0.00
64.63
0.00
0.00
0.00
73.99
0.00
0.00
0.00
65.58
0.00
0.00
0.00
55.78
0.00
0.00
0.00
61.10
0.00
0.00
0.00
72.53
0.00
0.00
0.00
60.98
0.00
0.00
0.00
63.91
0.00
0.00
0.00
59.27
0.00
0.00
0.00
68.98
0.00
0.00
0.00
51.06
0.00
0.00
0.00
69.90
0.00
0.00
0.00
61.77
0.00
0.00
0.00
69.67
0.00
0.00
0.00
68.88
0.00
0.00
0.00
62.61
0.00
0.00
0.00
56.63
0.00
0.00
0.00
85.81
0.00
0.00
0.00
48.18
0.00
0.00
0.00
62.54
0.00
0.00
0.00
0.00
0.00
0.00
0.00
0.00
0.00
0.00
0.00
0.00
0.00
0.00
0.00
47.92
0.00
0.00
0.00
0.00
0.00
0.00
0.00
99.99
0.00
0.00
0.00
0.00
0.00
0.00
0.00
0.00
0.00
0.00
0.00
42.03
0.00
0.00
0.00
0.00
0.00
0.00
0.00
99.99
0.00
0.00
0.00
99.99
0.00
0.00
0.00
0.00
0.00
0.00
0.00
0.00
0.00
0.00
0.00
0.00
0.00
0.00
0.00
99.99
0.00
0.00
0.00
99.99
0.00
0.00
0.00
99.99
0.00
0.00
0.00
0.00
0.00
0.00
0.00
0.00
0.00
0.00
0.00
0.00
0.00
0.00
0.00
37.20
0.00
0.00
0.00
13.18
0.00
0.00
0.00
0.00
0.00
0.00
0.00
60.33
0.00
0.00
0.00
49.74
0.00
0.00
0.00
68.12
0.00
0.00
0.00
60.02
0.00
0.00
0.00
64.53
0.00
0.00
0.00
51.42
0.00
0.00
0.00
57.38
0.00
0.00
0.00
65.90
0.00
0.00
0.00
63.40
0.00
0.00
0.00
63.66
0.00
0.00
0.00
67.59
0.00
0.00
0.00
58.92
0.00
0.00
0.00
62.25
0.00
0.00
0.00
58.23
0.00
0.00
0.00
57.44
0.00
0.00
0.00
62.51
0.00
0.00
0.00
55.66
0.00
0.00
0.00
67.74
0.00
0.00
0.00
56.35
0.00
0.00
0.00
73.80
0.00
0.00
0.00
58.00
0.00
0.00
0.00
54.42
0.00
0.00
0.00
59.81
0.00
0.00
0.00
68.12
0.00
0.00
0.00
64.72
0.00
0.00
0.00
59.85
0.00
0.00
0.00
56.09
0.00
0.00
0.00
54.05
0.00
0.00
0.00
57.36
0.00
0.00
0.00
49.78
0.00
0.00
0.00
51.78
0.00
0.00
0.00
59.25
0.00
0.00
0.00
57.35
0.00
0.00
0.00
65.23
0.00
0.00
0.00
58.25
0.00
0.00
0.00
68.80
0.00
0.00
0.00
66.68
0.00
0.00
0.00
68.54
0.00
0.00
0.00
67.83
0.00
0.00
0.00
67.56
0.00
0.00
0.00
61.44
0.00
0.00
0.00
71.37
0.00
0.00
0.00
54.93
0.00
0.00
0.00
68.96
0.00
0.00
0.00
65.19
0.00
0.00
0.00
66.24
0.00
0.00
0.00
57.17
0.00
0.00
0.00
63.34
0.00
0.00
0.00
57.26
0.00
0.00
0.00
59.36
0.00
0.00
0.00
61.90
0.00
0.00
0.00
58.91
0.00
0.00
0.00
59.63
0.00
0.00
0.00
56.71
0.00
0.00
0.00
63.18
0.00
0.00
0.00
59.72
0.00
0.00
0.00
58.35
0.00
0.00
0.00
59.75
0.00
0.00
0.00
60.83
0.00
0.00
0.00
55.00
0.00
0.00
0.00
0.00
0.00
0.00
0.00
69.79
0.00
0.00
0.00
68.47
0.00
0.00
0.00
51.97
0.00
0.00
0.00
99.99
0.00
0.00
0.00
56.37
0.00
0.00
0.00
71.26
0.00
0.00
0.00
63.53
0.00
0.00
0.00
46.68
0.00
0.00
0.00
61.93
0.00
0.00
0.00
56.27
0.00
0.00
0.00
63.50
0.00
0.00
0.00
65.42
0.00
0.00
0.00
59.73
0.00
0.00
0.00
62.88
0.00
0.00
0.00
60.76
0.00
0.00
0.00
58.58
0.00
0.00
0.00
70.97
0.00
0.00
0.00
60.11
0.00
0.00
0.00
60.97
0.00
0.00
0.00
60.57
0.00
0.00
0.00
49.00
0.00
0.00
0.00
56.57
0.00
0.00
0.00
58.62
0.00
0.00
0.00
63.61
0.00
0.00
0.00
63.52
0.00
0.00
0.00
69.74
0.00
0.00
0.00
70.77
0.00
0.00
0.00
64.24
0.00
0.00
0.00
66.08
0.00
0.00
0.00
60.28
0.00
0.00
0.00
71.01
0.00
0.00
0.00
70.59
0.00
0.00
0.00
59.96
0.00
0.00
0.00
60.55
0.00
0.00
0.00
49.09
0.00
0.00
0.00
54.02
0.00
0.00
0.00
61.01
0.00
0.00
0.00
62.33
0.00
0.00
0.00
55.90
0.00
0.00
0.00
76.49
0.00
0.00
0.00
47.21
0.00
0.00
0.00
50.89
0.00
0.00
0.00
53.95
0.00
0.00
0.00
55.08
0.00
0.00
0.00
63.46
0.00
0.00
0.00
59.32
0.00
0.00
0.00
52.07
0.00
0.00
0.00
58.95
0.00
0.00
0.00
0.00
0.00
0.00
0.00
59.12
0.00
0.00
0.00
60.45
0.00
0.00
0.00
53.84
0.00
0.00
0.00
54.96
0.00
0.00
0.00
57.14
0.00
0.00
0.00
66.93
0.00
0.00
0.00
46.74
0.00
0.00
0.00
72.67
0.00
0.00
0.00
57.17
0.00
0.00
0.00
55.11
0.00
0.00
0.00
53.58
0.00
0.00
0.00
66.89
0.00
0.00
0.00
49.40
0.00
0.00
0.00
45.80
0.00
0.00
0.00
61.70
0.00
0.00
0.00
62.97
0.00
0.00
0.00
57.79
0.00
0.00
0.00
51.23
0.00
0.00
0.00
62.08
0.00
0.00
0.00
65.01
0.00
0.00
0.00
64.31
0.00
0.00
0.00
56.92
0.00
0.00
0.00
64.97
0.00
0.00
0.00
53.01
0.00
0.00
0.00
68.29
0.00
0.00
0.00
57.71
0.00
0.00
0.00
61.21
0.00
0.00
0.00
54.80
0.00
0.00
0.00
63.55
0.00
0.00
0.00
50.84
0.00
0.00
0.00
60.06
0.00
0.00
0.00
64.09
0.00
0.00
0.00
59.82
0.00
0.00
0.00
63.52
0.00
0.00
0.00
52.84
0.00
0.00
0.00
63.08
0.00
0.00
0.00
57.64
0.00
0.00
0.00
67.01
0.00
0.00
0.00
0.00
0.00
0.00
0.00
60.62
0.00
0.00
0.00
56.62
0.00
0.00
0.00
63.27
0.00
0.00
0.00
56.84
0.00
0.00
0.00
62.98
0.00
0.00
0.00
58.13
0.00
0.00
0.00
56.06
0.00
0.00
0.00
65.28
0.00
0.00
0.00
60.84
0.00
0.00
0.00
33.60
0.00
0.00
0.00
71.88
0.00
0.00
0.00
49.06
0.00
0.00
0.00
55.20
0.00
0.00
0.00
64.03
0.00
0.00
0.00
53.33
0.00
0.00
0.00
65.74
0.00
0.00
0.00
64.42
0.00
0.00
0.00
51.83
0.00
0.00
0.00
49.36
0.00
0.00
0.00
56.59
0.00
0.00
0.00
70.29
0.00
0.00
0.00
54.26
0.00
0.00
0.00
54.57
0.00
0.00
0.00
61.52
0.00
0.00
0.00
64.88
0.00
0.00
0.00
66.06
0.00
0.00
0.00
73.05
0.00
0.00
0.00
68.31
0.00
0.00
0.00
60.81
0.00
0.00
0.00
59.59
0.00
0.00
0.00
60.87
0.00
0.00
0.00
64.50
0.00
0.00
0.00
51.75
0.00
0.00
0.00
51.94
0.00
0.00
0.00
56.74
0.00
0.00
0.00
58.98
0.00
0.00
0.00
56.52
0.00
0.00
0.00
53.94
0.00
0.00
0.00
61.92
0.00
0.00
0.00
61.87
0.00
0.00
0.00
55.82
0.00
0.00
0.00
72.03
0.00
0.00
0.00
61.57
0.00
0.00
0.00
63.28
0.00
0.00
0.00
60.14
0.00
0.00
0.00
64.72
0.00
0.00
0.00
64.66
0.00
0.00
0.00
54.19
0.00
0.00
0.00
52.51
0.00
0.00
0.00
66.23
0.00
0.00
0.00
0.00
0.00
0.00
0.00
99.99
0.00
0.00
0.00
0.00
0.00
0.00
0.00
99.99
0.00
0.00
0.00
0.00
0.00
0.00
0.00
0.00
0.00
0.00
0.00
99.99
0.00
0.00
0.00
83.92
0.00
0.00
0.00
48.34
0.00
0.00
0.00
87.65
0.00
0.00
0.00
0.00
0.00
0.00
0.00
99.99
0.00
0.00
0.00
0.00
0.00
0.00
0.00
99.99
0.00
0.00
0.00
0.00
0.00
0.00
0.00
64.23
0.00
0.00
0.00
60.69
0.00
0.00
0.00
74.59
0.00
0.00
0.00
88.18
0.00
0.00
0.00
0.00
0.00
0.00
0.00
0.00
0.00
0.00
0.00
99.99
0.00
0.00
0.00
0.00
0.00
0.00
0.00
0.00
0.00
0.00
0.00
0.00
0.00
0.00
0.00
0.00
0.00
0.00
0.00
0.00
0.00
0.00
0.00
99.99
0.00
0.00
0.00
99.99
0.00
0.00
0.00
0.00
0.00
0.00
0.00
0.00
0.00
0.00
0.00
0.00
0.00
0.00
0.00
66.49
0.00
0.00
0.00
70.36
0.00
0.00
0.00
57.47
0.00
0.00
0.00
58.06
0.00
0.00
0.00
57.51
0.00
0.00
0.00
44.55
0.00
0.00
0.00
67.87
0.00
0.00
0.00
57.21
0.00
0.00
0.00
57.43
0.00
0.00
0.00
62.25
0.00
0.00
0.00
65.64
0.00
0.00
0.00
55.26
0.00
0.00
0.00
55.22
0.00
0.00
0.00
65.63
0.00
0.00
0.00
66.58
0.00
0.00
0.00
54.06
0.00
0.00
0.00
56.02
0.00
0.00
0.00
62.01
0.00
0.00
0.00
65.04
0.00
0.00
0.00
47.58
0.00
0.00
0.00
58.64
0.00
0.00
0.00
63.92
0.00
0.00
0.00
58.39
0.00
0.00
0.00
56.49
0.00
0.00
0.00
53.92
0.00
0.00
0.00
61.00
0.00
0.00
0.00
64.67
0.00
0.00
0.00
55.51
0.00
0.00
0.00
56.50
0.00
0.00
0.00
52.95
0.00
0.00
0.00
52.42
0.00
0.00
0.00
63.44
0.00
0.00
0.00
62.60
0.00
0.00
0.00
68.90
0.00
0.00
0.00
59.19
0.00
0.00
0.00
51.60
0.00
0.00
0.00
48.86
0.00
0.00
0.00
60.54
0.00
0.00
0.00
62.32
0.00
0.00
0.00
61.54
0.00
0.00
0.00
57.57
0.00
0.00
0.00
60.32
0.00
0.00
0.00
59.51
0.00
0.00
0.00
62.73
0.00
0.00
0.00
54.83
0.00
0.00
0.00
61.64
0.00
0.00
0.00
71.08
0.00
0.00
0.00
57.35
0.00
0.00
0.00
66.05
0.00
0.00
0.00
63.98
0.00
0.00
0.00
53.04
0.00
0.00
0.00
49.91
0.00
0.00
0.00
0.00
0.00
0.00
0.00
7.42
0.00
0.00
0.00
10.83
0.00
0.00
0.00
0.00
0.00
0.00
0.00
0.00
0.00
0.00
0.00
0.00
0.00
0.00
0.00
0.00
0.00
0.00
0.00
0.00
0.00
0.00
0.00
0.00
0.00
0.00
0.00
0.00
0.00
0.00
0.00
0.00
0.00
0.00
0.00
0.00
0.00
0.00
0.00
0.00
0.00
0.00
0.00
0.00
0.00
0.00
0.00
0.00
0.00
0.00
0.00
0.00
0.00
0.00
0.00
0.00
0.00
0.00
0.00
0.00
0.00
0.00
0.00
0.00
0.00
0.00
0.00
0.00
0.00
0.00
0.00
0.00
0.00
0.00
0.00
0.00
0.00
0.00
0.00
0.00
0.00
0.00
0.00
0.00
0.00
0.00
0.00
0.00
0.00
0.00
0.00
0.00
0.00
0.00
0.00
0.00
0.00
0.00
0.00
0.00
0.00
0.00
0.00
0.00
0.00
0.00
0.00
0.00
0.00
0.00
0.00
0.00
0.00
0.00
0.00
0.00
0.00
0.00
0.00
0.00
0.00
0.00
0.00
0.00
0.00
0.00
0.00
0.00
0.00
0.00
0.00
0.00
0.00
0.00
0.00
0.00
0.00
0.00
0.00
0.00
0.00
0.00
0.00
0.00
0.00
0.00
0.00
0.00
0.00
0.00
0.00
0.00
0.00
0.00
0.00
0.00
0.00
0.00
0.00
0.00
0.00
0.00
0.00
0.00
0.00
0.00
0.00
0.00
0.00
0.00
0.00
0.00
0.00
0.00
0.00
0.00
0.00
0.00
0.00
0.00
0.00
0.00
0.00
0.00
0.00
0.00
0.00
0.00
0.00
0.00
0.00
0.00
0.00
0.00
0.00
0.00
0.00
0.00
0.00
0.00
0.00
0.00
0.00
0.00
0.00
0.00
0.00
0.00
0.00
0.00
0.00
0.00
0.00
0.00
0.00
0.00
0.00
0.00
0.00
0.00
0.00
0.00
0.00
0.00
0.00
0.00
0.00
0.00
0.00
0.00
0.00
0.00
0.00
0.00
0.00
0.00
0.00
0.00
0.00
0.00
0.00
0.00
0.00
0.00
0.00
0.00
0.00
0.00
0.00
0.00
0.00
0.00
0.00
0.00
0.00
0.00
0.00
0.00
0.00
0.00
0.00
0.00
0.00
0.00
0.00
0.00
0.00
0.00
0.00
0.00
0.00
0.00
0.00
0.00
0.00
0.00
0.00
0.00
0.00
0.00
0.00
0.00
0.00
0.00
0.00
0.00
0.00
0.00
0.00
0.00
0.00
0.00
0.00
0.00
0.00
0.00
0.00
0.00
0.00
0.00
0.00
0.00
0.00
0.00
0.00
0.00
0.00
0.00
0.00
0.00
0.00
0.00
0.00
0.00
0.00
0.00
0.00
0.00
0.00
0.00
0.00
0.00
0.00
0.00
0.00
0.00
0.00
0.00
0.00
0.00
0.00
0.00
0.00
0.00
0.00
0.00
0.00
0.00
0.00
0.00
0.00
0.00
0.00
0.00
0.00
0.00
0.00
0.00
0.00
0.00
0.00
0.00
0.00
0.00
0.00
0.00
25.55
0.00
0.00
0.00
0.00
0.00
0.00
0.00
0.00
0.00
0.00
0.00
0.00
0.00
0.00
0.00
0.00
0.00
0.00
0.00
0.00
0.00
0.00
0.00
0.00
0.00
0.00
0.00
0.00
0.00
0.00
0.00
0.00
0.00
0.00
0.00
0.00
0.00
0.00
0.00
0.00
0.00
0.00
0.00
0.00
0.00
