572868
575128
576848
572016
573452
582148
576200
589744
593132
621780
599624
607976
601640
608668
605480
609776
604712
611944
606128
614188
608808
612500
604456
611368
603776
611508
605864
612316
604432
610104
604976
614192
609028
617536
614400
623472
619344
628412
624548
634016
628712
636780
630020
636848
633120
640120
637612
642112
640980
646508
643364
647648
648384
653944
653624
656964
659624
660364
662704
667900
667292
672432
670268
673984
672468
677892
680592
680684
682080
684300
684584
688356
689928
692636
691204
697548
697400
703036
703460
708820
708288
709104
710504
715380
718016
723136
718572
723928
723612
728024
725280
730932
728180
726376
732628
737188
737268
741748
735448
747756
747636
741600
742528
748624
757244
758212
750308
754240
758904
752968
753500
759688
768932
768644
769656
771220
772628
778944
779196
783428
783132
787892
786524
792100
791064
797360
794640
800608
799408
805128
805384
811624
811008
815672
814488
820208
818056
822356
822964
826836
826840
830412
832844
836528
839380
841976
841904
844824
852656
848328
855856
849724
857924
849208
857040
849480
856748
849696
858676
850264
857204
852500
857764
849800
855884
848884
860972
851040
856040
849616
860224
852336
858332
850732
852416
857960
854488
852924
854320
856536
853072
855004
854556
858256
854608
859348
854916
857008
852468
854196
852652
854008
851828
852380
851076
852944
848456
852304
850696
852816
854652
855536
855380
855048
856116
857696
855136
855976
855968
858600
858460
859824
857176
859860
857092
856812
856228
857028
863904
854304
859856
853960
861696
855432
861988
861852
750112
757860
750920
