577276
577644
580648
577064
577560
585180
580044
595924
601360
625384
600616
608516
600608
609008
602348
608668
604476
608268
602844
608840
603208
611276
604264
610740
604512
611820
607932
615184
607532
615720
609612
618328
609432
617516
612364
620844
616148
624016
617480
625152
619940
626212
620352
629180
622268
626532
619460
627164
621588
627920
619748
627272
620908
627084
622768
629404
626508
633104
628728
634564
628656
633044
629696
634796
629860
635200
633332
638336
632984
635812
633604
636980
634964
637688
634400
638192
637904
640640
637644
640140
638876
642736
639200
641544
640364
642108
643504
648396
645692
647308
645976
647820
645352
646240
646516
641244
647476
640764
646924
637152
647448
650120
644852
644096
643192
644236
642852
641456
643268
645912
643852
644972
643936
645420
645616
646396
646168
648480
647236
647296
643612
646332
644388
648960
645644
648408
643992
646528
645264
650100
646336
647244
647208
650436
646180
651760
649432
652288
650988
653224
650528
653404
652696
653828
653920
656884
654156
656152
654008
654588
654184
655436
654972
654784
653788
654028
653892
656172
654984
658512
657740
659640
656540
658376
656844
658508
658668
658324
658424
658604
666340
660260
662316
667704
664940
665348
663340
664304
662468
664784
661548
663436
661740
662284
661552
663536
662336
663980
659540
662052
659560
662968
661848
664972
661708
662364
661788
662712
663736
665704
663268
663640
663092
667484
667700
670216
667496
668536
667604
664076
668620
664036
671828
671484
675252
676040
675716
669984
675648
676864
668072
666928
668968
678180
670788
674464
670912
672248
670344
672292
671260
672072
670444
671572
680516
672428
678056
671828
676056
672360
679392
673644
681776
676812
682636
675712
680800
674104
679488
673960
681740
675672
681428
676780
684072
676464
684928
679028
686840
678732
686256
679028
686948
680908
687664
678640
687700
682108
687612
680928
688920
682764
689076
684028
689576
683784
689944
682152
691984
686960
694664
686200
693248
686960
692848
685292
690700
685652
691756
685516
693032
688916
695704
689596
697736
690868
698004
691964
699520
691696
698144
691824
699380
693328
700964
692660
701996
693596
698960
695376
696032
697704
700524
698008
697988
698456
696752
699864
698564
699632
697916
699816
695520
696860
698076
699100
705452
690200
706308
701124
707808
701696
705096
700936
707100
695668
697968
694176
696948
696264
694836
695592
694012
695836
697116
698292
696040
695484
697092
699196
698028
701756
702188
701852
701248
705056
701432
702864
702064
703080
702172
704004
704992
705624
704396
701952
704008
705892
707564
709356
708156
709856
714048
709448
715804
709612
716568
710468
718172
711724
716800
709384
716424
710392
711688
712564
719076
712864
718284
710388
719952
711884
719800
712272
719528
713652
719304
715016
722212
718044
725408
717052
722496
716704
721876
714340
719804
714032
721676
715500
721108
715436
720468
717784
718692
714796
717724
716648
718700
715272
718180
717420
722116
720856
722804
721244
722276
720588
723916
722140
727184
724360
726084
722356
723636
722696
722436
728636
722488
729756
725496
727104
725304
725688
734776
725768
731468
723728
731596
728868
728092
727488
727716
725808
726348
720156
728088
724708
728296
730100
729576
723288
729244
723400
723836
724912
723088
723944
722576
723944
729876
720300
729028
730840
722508
721544
721516
725388
726908
727276
727032
727432
727336
728624
727164
728124
727456
729832
728560
730220
729072
729724
729044
730468
729084
730056
738080
732584
731640
730780
738888
732984
739132
729608
738544
731856
740448
733532
741288
734128
742396
737916
743988
736512
744332
738624
742180
735148
741668
736680
746308
739232
746028
740248
745872
738232
745836
740756
747276
742544
748964
742132
749248
742092
749240
744044
750260
744888
750176
743580
748812
743740
751280
748492
750848
748832
752828
750472
751832
748872
751644
749192
751084
747228
751036
748752
753644
748984
754584
752004
757064
753488
754584
753492
757168
753196
755888
754000
755964
754940
756428
753448
756012
754288
758056
747256
749484
757604
752720
758164
763148
761008
753568
758012
752192
751320
753936
752660
754432
759776
754376
756740
756208
754780
758188
758244
759656
757120
758084
759344
763032
762560
762136
756984
758208
758116
759472
759568
759656
760580
762092
763584
763512
763024
764760
770148
763020
768928
763612
771036
764780
769392
761132
769568
762736
773016
767692
773708
766864
775104
767396
774208
769260
775160
768664
775600
768664
776068
769388
776068
771844
778784
773992
782388
775824
780980
774688
779720
772016
780016
773540
779408
775272
781644
777164
782512
775312
783244
778540
784596
780700
784436
780416
786148
781256
787180
783924
789564
784248
789188
782168
786824
781084
787736
788252
793428
788536
791564
787692
791948
789404
793936
790124
792628
789508
792140
790660
794080
790472
793568
788472
794660
790652
794632
791968
792100
791956
789100
783812
787540
791888
797300
793468
788896
793420
799068
788408
791480
797308
786172
787180
787496
788612
796492
788412
788196
785076
786696
787504
786364
786320
796664
791600
796496
788828
794948
789924
789648
788296
789156
794380
788888
795076
791716
789124
792132
806152
790576
795680
791524
792972
791504
793428
794968
794228
793344
793772
796632
793064
795416
794372
795360
794312
794488
795512
798232
795904
795440
795720
795532
796716
797404
805876
799400
796676
797548
804580
794916
803336
797352
804228
796776
804568
797572
805580
800004
807072
799736
807812
802396
811140
803740
808012
799580
806852
800676
808792
801912
809696
803476
813064
806176
813688
808744
813124
808216
816612
810412
813400
808648
817048
812268
819528
811120
818400
812496
819000
811360
819392
813920
819968
812988
821852
813236
819564
813088
822792
815412
816784
816660
817204
816116
819384
820456
815440
816684
819796
823624
820632
823656
821340
823216
822064
825484
823996
825356
823636
824732
822456
822284
823076
823620
823572
822176
820952
819168
826388
821740
818052
820240
820812
820780
818716
818908
816856
825892
826200
821932
820648
822424
823036
823928
822344
823520
824540
823112
830068
827732
828176
827960
834968
827856
835536
829208
834088
829968
837844
832000
841908
831404
840084
834636
839808
832572
841400
837312
842840
839012
846132
838392
843912
837108
846628
839796
846728
839496
846052
839156
847676
842576
847352
840440
847876
841488
851324
845888
853544
846756
853424
848088
854360
848168
852136
846096
854248
848820
854952
845708
852492
856900
870032
850232
856876
850312
857824
851456
857332
849400
857044
849648
858048
857980
861136
853256
862756
855284
861800
854420
859200
851412
861852
852284
861188
852616
861416
852444
857680
852408
858164
850948
859564
853476
862916
854656
861808
855336
857960
852880
858352
854048
858340
852888
856736
852760
858508
853588
858972
855872
860464
853928
858724
854800
856256
854472
857544
858288
857144
855152
856056
855384
848540
857408
848516
857184
849324
856460
857132
855884
848972
848180
848056
849420
851352
865676
858324
866860
856156
858080
854272
856480
861860
848520
857584
850448
857484
851192
852300
852852
857056
853880
859248
850540
850524
851508
850664
850236
857160
848536
849964
861524
848148
852304
851884
853028
848188
847860
856348
858524
857368
848052
850208
826436
818268
811372
820520
813184
