580448
581880
585332
580716
582040
590228
584472
597212
598944
623004
631184
606900
609852
607728
610608
607412
604572
607416
605056
615408
607240
613396
605620
610808
606376
610264
604276
607004
606824
610576
607968
609560
610356
611932
612152
615800
612236
616992
614156
617524
616440
617032
617420
621416
620656
621712
622564
623440
621784
623328
624064
624284
624072
625436
631644
626548
629996
622476
631456
626320
633636
627708
635940
628812
635784
631180
638256
631672
637008
633648
642956
635940
643112
636424
644536
636608
643384
638052
645148
637844
642536
636008
643492
637296
643292
639384
646936
641556
646604
640860
648700
642000
645892
640520
649840
642072
650420
643044
649100
644592
650612
643964
654088
646600
653500
647256
652156
646972
653244
649376
655772
652300
656016
650072
654168
650356
654928
650940
653976
654332
656008
650372
654032
651196
655032
652640
657228
647608
656784
654076
651320
655956
659092
646224
652276
646940
650664
648156
651416
647768
650916
648304
651644
649792
653012
651032
655628
652000
657208
653528
656760
653704
654672
649704
654416
651288
651828
650528
654884
653856
656304
651832
655812
654696
656036
655544
657648
655292
653504
654884
654268
654692
654248
653540
661948
655140
662408
654004
661028
655192
662164
656432
657360
656828
658020
657720
661796
660984
660040
657940
657728
659140
658148
658092
666588
661460
669636
662056
670712
665160
670360
664496
671948
667280
675648
665768
675004
669220
675188
668388
674108
668612
676304
668268
677032
669728
675256
668272
676056
670096
675664
671032
679580
672944
679340
670576
672984
680668
673536
674320
673444
671420
675336
675012
675812
674540
676172
673208
674636
673680
676220
677068
678852
677916
679504
685444
678432
685488
677680
683316
676664
676672
676104
675352
667824
684276
672584
685972
675160
675944
683784
675936
674412
671828
676136
679652
677536
684116
675864
681488
675896
683472
678332
684696
678968
684360
678408
686356
679460
685668
678652
687408
683136
690680
682788
691784
685152
690128
683424
690828
683004
692588
687308
692828
685432
690516
682840
690508
683616
692308
684488
692656
686752
693628
686444
695040
689548
697612
688972
696528
690572
697568
690432
698992
693248
699540
692936
699252
691620
700688
694600
703036
695728
702416
697796
705852
697520
703456
696752
703356
696524
697620
696112
697204
695836
696620
693988
694792
693960
697320
695576
697296
695500
697428
698012
698616
698104
699216
698440
699864
697944
701488
699932
703320
704268
704608
702368
696388
707744
704296
712244
705088
713304
709144
716344
708908
708480
708780
706988
699756
705928
699292
706916
701140
707464
700144
706452
700236
707212
702084
708196
702476
709816
703312
706120
703000
705900
705376
707116
706776
706252
713928
707056
706852
705688
707324
705236
706652
707232
710184
708048
708168
714496
706548
708748
703640
708600
705604
709300
705276
710564
706676
712628
708612
709940
707916
710592
707808
713292
710084
713508
709664
715560
712872
716080
709672
715856
713036
716268
715248
717680
714540
718284
715020
719328
717888
719524
714236
720024
717188
721964
716116
720312
717132
718516
718284
721696
721772
722628
722928
722732
729000
719480
720024
722208
728044
720772
728236
724984
730748
725012
730360
724684
733300
726644
730484
722860
732272
725172
734056
724816
733492
725656
735004
727284
735324
729024
735096
730440
738896
731612
740992
734064
740840
734780
730924
730808
736784
722972
731472
726580
732756
729360
736720
730124
736008
729096
736168
732324
736392
731916
736108
731368
736276
731976
735208
730484
734788
730692
736848
732984
736252
733116
738364
734820
736788
733400
738236
734520
739676
733348
736960
734220
739212
735620
739616
736464
739264
733940
740544
737564
740652
739296
743104
739008
744544
743068
745932
740372
743900
738624
744336
740336
745624
742004
747668
742160
745412
743716
747468
742652
743808
749996
744456
751968
743204
752752
745624
752936
747652
753652
746508
754264
748736
754664
749840
754256
750424
752132
746268
753088
746816
755484
750196
756756
752900
759480
753660
760448
755600
760064
755312
758832
756328
759228
756316
759052
756236
757724
757020
758612
758028
759128
756004
758476
760940
761604
758708
759940
761036
763852
759076
762040
762356
763116
770600
764984
772196
766040
771328
763496
768560
761632
759452
764772
761600
763228
761380
763224
770164
763744
755552
757732
765932
758988
766012
756192
772496
764112
764316
755624
772432
767796
764460
757760
765964
767028
775232
759980
767512
763060
769920
764608
768428
762616
769500
764524
770376
763096
770604
764048
769952
765116
771804
767724
773144
766296
774268
768176
776784
767952
774676
770540
777796
774508
780156
772312
780052
772344
781112
773312
780096
772888
779972
774976
778288
771820
778992
772376
781068
776044
783928
775744
784380
777628
784804
778152
786216
775840
783560
779644
785376
782016
788712
779088
785772
780424
787868
780824
788660
782200
789572
783132
788516
785264
790104
784240
791824
783236
789324
783728
790424
785924
790572
784940
789912
788036
793424
790004
792220
789776
794268
792528
796436
792276
796952
793632
797228
791372
797372
794312
797804
795060
798112
793412
798196
793468
796468
793272
797772
796100
796584
793924
798596
796288
799976
798436
800180
798164
802376
799688
804096
800472
804920
803652
799264
800924
804308
801040
805380
803392
799336
804188
807576
798820
810824
806696
804784
800324
805784
811932
807984
803824
805196
800288
805908
802844
807776
805352
810228
803832
808548
803264
810560
805152
810388
804164
809492
806316
809588
807672
811876
807740
808072
806888
810136
808072
812200
810572
813788
810352
814956
810484
812828
811196
813152
810600
814512
814188
818328
814816
817772
815568
818116
815160
818668
816792
817328
817928
819476
817128
817888
815704
817588
824112
818788
826808
820596
827948
820320
827848
822136
823124
821960
822980
822908
813292
820936
821864
823956
824092
821880
823224
823308
824660
831920
824696
824612
825392
829512
826504
829564
827560
827796
826092
818996
826268
819796
820292
826812
824592
818164
817468
817124
817888
822388
815680
825684
818516
827992
820136
829160
822084
829912
823836
831560
820384
830324
824884
834172
826456
833484
826200
833336
825608
834788
826524
834576
826760
830928
823636
833880
829308
835536
831028
833260
830360
835084
831172
837120
830456
836832
832040
837600
832224
840660
835940
842888
835396
843504
835708
841516
836088
839788
836100
841896
834508
842780
838356
844820
841692
847684
841816
848064
839312
846700
840876
847752
841732
843576
849808
842520
850520
842696
849448
852616
866548
848628
854196
846728
863304
852136
859912
853224
859212
851684
859780
850084
856420
848584
858416
851472
859004
852224
856840
850296
856420
849084
858164
851184
860656
852760
860500
852300
857180
852248
856764
852312
854724
851844
857056
852028
856244
853532
856396
851928
854480
851708
856100
857588
851268
859064
851496
859800
852272
859612
853240
854776
854488
854952
846252
854008
854664
855160
856712
850096
865252
869340
862204
860496
862384
861256
861320
862156
863048
853500
853960
860388
853964
866912
853740
858748
852148
856816
849660
859296
851004
859516
854080
860924
850760
864276
850996
858028
851556
860756
852760
859216
851524
855172
856584
839660
830088
813128
821112
815700
