561660
562908
564884
569192
563392
569600
567580
577596
580356
601552
614952
597500
595704
597592
596360
597616
599168
603100
601388
604096
602724
602824
602368
603664
602592
605388
605780
605232
603044
606176
612348
615988
623260
629404
638776
648676
658552
670304
675264
686504
693076
707360
710972
726304
729776
741620
748160
762904
771588
780620
791084
802988
811772
812860
827072
830268
823672
825024
825216
827948
827812
830376
828164
830248
829708
829628
828664
831004
827252
828984
827500
829156
827456
828112
835516
828328
834168
830084
834972
722804
728652
725368
