573812
574208
576640
580040
574900
582892
578180
593816
594340
613680
624804
602032
598352
603856
599276
603268
597028
604676
597432
604748
598068
606552
599360
606732
601764
607060
601492
606440
600776
607964
599964
605004
600248
607956
602980
611660
607880
614444
610696
617156
609328
615680
609356
616904
611260
615380
612840
622096
617044
622144
618520
624332
618728
623096
618896
621764
618316
622356
619728
624652
623524
626756
622800
627872
624872
629784
626544
631356
628956
629964
626020
628904
627356
630472
629944
631304
631784
636032
631828
632304
631320
633544
632616
635980
634780
636144
636604
638664
637240
638984
640292
642856
640144
641708
642408
642900
643840
644400
641336
637224
644216
651124
646024
639636
644880
637544
644520
647112
637940
641072
650156
641220
650728
647132
650684
645924
649720
643620
651908
645412
653528
646152
652372
647308
654956
647356
647828
648532
646928
653176
647236
655120
648028
654756
650196
656140
651936
658032
652796
657620
654204
658828
655804
661052
658112
661824
657708
663484
660096
663296
659356
663672
660628
668436
664000
669272
663968
670080
662920
667584
663628
670000
665732
670532
664668
674036
667464
674868
669364
675120
669468
676704
670032
674132
670776
676900
669728
676768
671008
673152
669684
668432
670504
671516
680648
671528
678508
674072
673472
674248
681608
672604
680960
675308
684648
677960
683744
675940
682528
678040
682380
675360
683316
675800
683412
676260
685352
679620
685008
677516
683176
677188
688576
679496
685640
676376
684004
677952
685184
680264
686152
679344
685676
677172
683532
676644
683216
677004
677100
679340
685032
671216
684212
672912
687124
673436
678716
669672
676376
670792
678108
670208
676908
671788
676044
669736
675184
658908
663360
654064
651892
