561136
562532
566912
564460
565584
575444
569088
585180
584620
609988
595936
595312
594728
597120
589808
597004
593280
597848
596244
599936
596536
602120
598296
603220
599676
602848
598460
600740
596964
603292
599964
611576
615504
630372
636820
649608
660416
677060
681656
702824
703408
723548
730204
747480
756216
769496
781044
798024
803920
816392
821568
828848
826160
832204
829368
834964
828656
835392
828136
835116
831700
838592
831504
840368
836996
840992
836088
842212
833236
837756
833204
839280
833948
837716
835320
837788
833004
840288
728492
