554432
557040
558864
560848
555440
564032
559800
571744
577068
595736
579132
584148
579880
585120
582928
582616
579952
579660
579708
579512
580232
579332
576736
579380
579244
578600
580872
584436
583640
586224
586032
588396
585548
587860
588504
591188
591456
595884
593192
594720
595080
597020
593512
594960
593324
594308
594584
595060
597216
597300
596928
598556
605096
593680
608476
594328
609116
594608
610120
601740
603036
596388
603200
597268
602592
597684
613616
598960
605968
598972
606520
599256
602680
596928
606612
601640
608312
603624
609288
604208
610724
605832
609308
604140
610936
604660
612392
606636
613404
606848
614968
608552
616548
609724
616124
611336
617812
612524
619616
610668
618684
613412
619356
613224
619140
615064
619940
613172
618712
613368
619524
614504
620280
614808
622044
619252
626556
618832
627656
617716
626428
620104
626776
619348
618696
621340
622124
618860
622464
620188
622300
620120
625488
623152
625084
625236
625428
622364
624448
625400
626456
625640
628732
624820
626392
628252
629468
627032
629232
631160
630768
636240
630828
640388
634160
640088
633956
642096
634476
641416
631920
640384
632788
642544
635432
644376
637028
645492
637368
646436
641524
646860
638560
646268
639788
648092
642124
650128
632864
641500
634576
641972
634340
639088
634408
641368
637836
642040
636576
641980
639244
644096
638840
644916
641748
644940
640196
645396
647376
645712
638728
646028
641080
646268
641984
648028
643332
648256
643040
649464
644572
651224
645360
651976
648020
651872
648116
652016
645348
652316
648864
654428
647848
654496
647976
652800
648456
652692
649364
653972
648812
654556
648612
654324
650540
658544
652628
656776
652080
653316
651892
654984
651304
656804
650052
653712
647028
650964
646864
651408
651240
655448
653996
656432
651184
653616
652140
651976
651500
652696
652024
653084
650944
651460
650048
652536
650376
651376
652096
654432
654096
653432
653148
652904
651156
649160
653572
650060
652152
651500
650052
650460
651936
651880
651384
648828
650796
649140
648828
649856
648748
652276
651484
652908
651308
653848
650320
653652
652400
654680
656052
654484
661340
652592
645684
645384
655892
656300
646760
656360
652876
645852
654940
654048
652708
645792
646988
649820
646028
648160
640828
640356
640572
