571244
572744
575040
577640
573180
577168
575932
587308
593144
615464
611732
600956
601292
602800
602972
604644
603304
604580
603092
601052
601608
601244
601428
602028
602276
602888
602092
603604
611360
604708
611572
607860
616348
607408
612872
606316
608276
610400
609476
611456
618532
611868
620888
612948
619608
613040
620812
611152
619364
615668
623912
617696
624132
618444
627112
620620
625536
619432
626180
619996
629504
625448
630744
625192
630336
627948
636412
628892
635288
628756
636036
627884
635484
628876
634772
627976
634232
627388
636228
629784
637956
631312
638712
633916
643020
637752
644120
635304
643360
637064
643932
635080
636180
637048
636880
638860
637356
640364
638308
640776
643936
630944
638832
632308
636320
634712
637024
633272
636404
643476
641740
637172
639148
642752
638032
635924
639964
636040
640936
637784
639468
637996
637496
639992
640260
640136
641068
639632
639884
641096
641780
643672
642060
644092
640336
642628
645380
641180
648232
642264
650592
640276
648152
642796
650700
646672
654380
646756
651828
645116
653332
645048
651500
645732
653028
647184
653056
646156
653064
649024
655580
648020
657672
651336
658272
654584
658728
652140
660572
654660
663160
655416
661608
656344
664948
657372
663940
660380
667588
658740
665068
657684
661860
655796
662492
657068
664136
659416
665280
658972
667676
660320
667308
659312
665420
658724
666552
660136
664800
659412
665728
661516
667356
661084
665976
663148
668140
667008
671424
668708
673460
667340
675016
669244
669964
667544
675656
670700
673996
668980
669048
669076
674312
669108
671272
671020
674796
673664
668848
673816
667984
672636
668384
674036
669868
675336
670108
670740
672860
667876
670032
665056
669300
676284
670476
667376
672616
670772
675180
673128
677804
674060
677504
675820
678900
675488
679168
676012
678716
673500
677240
675444
681104
675708
677440
677644
678632
677652
679248
678204
678504
677076
678992
680584
683264
680952
683884
682728
680960
679432
680560
682020
681176
686896
681760
690740
684588
688508
681176
690108
684636
693088
686196
694084
686280
693652
688368
694868
687660
697148
689760
696556
689424
697508
689140
696416
688008
698044
691820
699148
692600
700636
694900
700684
693240
701836
695152
702568
697076
701532
693496
701676
696384
704516
698484
701836
697284
704264
696708
703244
698796
707324
700484
700380
700320
704916
699916
700276
701228
700052
701780
700736
702288
710800
702832
707608
694152
708096
699908
699292
700468
700972
700820
700272
701288
701668
703196
698676
708080
701792
704968
694072
701836
703648
710584
696896
706152
693300
709244
695640
704336
698852
705072
699400
706988
701536
707600
699200
705908
698964
706088
701240
707008
698924
705628
700460
709348
703064
710104
705168
713496
709696
714756
709728
717884
710604
715280
708380
714568
706720
713688
709876
717972
709652
717292
711004
717492
711168
716724
713040
721840
715568
721400
715236
722500
716324
725248
717800
724016
715636
724068
718164
724748
717768
723476
716136
723292
716736
723972
716808
725096
720868
725996
720092
726280
719448
725664
719424
725444
720956
728180
721452
732140
725372
730940
725400
733832
726752
733796
728048
736024
728076
734692
728448
734000
728396
734036
730360
737196
735440
740700
734872
738356
735280
736592
730860
734748
733008
737304
734612
739028
737364
743000
740404
743812
739004
740488
739540
742024
738704
741324
738744
742728
738368
742576
740932
742752
738948
741932
742040
744548
742840
745104
741912
745440
745828
737316
744548
738912
744352
740700
747944
743496
741180
743392
740924
743528
741832
744204
742284
743780
741276
742524
746664
742540
739816
751716
743488
742776
742216
744844
742036
746288
741864
745384
749536
744608
740696
742352
740120
742768
744716
744444
742556
744460
742376
744012
740308
744432
744092
748204
745676
745636
743080
744804
742696
744660
741764
744644
744028
747928
743284
745636
742076
744024
741928
747192
746280
747888
747512
747308
754768
748692
754772
743684
747876
745332
747036
747028
749164
747108
748112
754652
746752
756140
748156
748280
747220
748836
749040
747624
755432
748380
753936
747424
752980
746340
753752
746308
754264
746800
755588
747284
754024
746340
754680
748744
750536
748544
754160
748252
753772
754556
741888
733904
729080
