575080
576228
578360
574740
575788
581664
578684
590136
592180
613528
600156
603600
600228
607056
602024
606548
605680
607832
605556
609216
607640
612540
608672
611768
607324
609116
608536
612360
609696
614996
610600
614216
609908
611352
610508
616028
612212
616808
614508
619752
614324
619644
616908
620044
618488
620840
620356
622324
620768
625068
624572
628628
627320
628544
626020
627740
620408
628056
626400
629712
628908
626040
631220
625188
629692
634252
632536
633308
624144
627680
634128
627004
622424
625468
633228
631160
626516
626364
635796
626800
633996
628624
625212
630892
629924
632220
630812
633616
631420
633344
633444
636316
631504
632960
631780
634580
633236
635416
636136
637740
637216
637732
633236
637152
637108
638300
637984
639532
646072
641380
649612
643260
649672
641448
648728
641256
649412
643288
651584
642152
651100
643516
643256
643632
651288
643712
646452
643060
646988
643836
646056
641204
646996
643016
649184
645088
651844
647772
651628
650860
649292
649096
648040
646096
647572
649228
650228
649200
650648
650588
652212
651824
650724
651032
653156
652628
655516
655212
657408
655740
655684
655852
656708
658396
657820
657264
660032
657632
659052
657624
659660
665660
659936
666176
659816
659188
659212
663884
660700
662100
660748
663328
661944
662288
665016
664204
662928
664668
663088
665116
663280
665448
663656
657276
655192
657480
665212
659128
658860
658096
656976
657008
664476
659248
668460
669776
669348
668188
661796
662576
666432
659676
660368
670204
659792
663616
669264
667052
666364
663016
660780
664452
663784
667280
667744
668420
666156
668916
666144
669584
668296
667828
668064
670320
668584
668800
664840
670540
666484
670428
666812
668864
668768
671620
668816
670772
668044
670176
671024
672884
670256
672376
672376
672020
673244
674832
675088
675968
679664
676284
676580
676248
677312
675428
680088
677944
685624
678764
678756
679404
678628
681252
680836
679020
678384
681840
679344
679328
681136
679228
682320
683312
687944
683096
684760
685928
690144
686064
687280
683936
685736
682836
685588
687132
686344
685400
685016
684884
684956
692920
684724
692464
687184
693984
687368
693692
685152
691196
685652
693952
687052
694340
689272
698264
690300
697616
691420
699224
694288
699468
692464
700144
695764
701400
695964
703988
696736
702780
695768
703772
696012
704848
701208
708864
696724
710132
694968
707696
692168
707188
700184
695476
692112
693368
693056
700984
694812
694224
692968
693644
692656
693116
694164
695312
695504
694720
694912
693180
700616
694268
699476
695092
702436
696980
702956
696592
702984
696848
701728
696168
701268
696056
702292
697920
705404
700088
708340
701164
705556
697928
706104
698492
706576
700112
703940
700776
707136
702216
709400
703188
712652
704264
711064
704920
714836
706228
714100
707944
713372
708368
714648
705980
714412
709652
717240
709216
718416
712984
719440
713620
721820
714956
721460
715048
721560
713884
721444
714824
722108
716352
725012
716928
723376
716160
724860
720576
727248
719048
725160
720696
730108
723616
731436
724588
728328
723388
730332
723036
730000
723412
730816
725468
729924
726220
730080
724372
728544
726828
729736
729456
730312
722596
733256
728512
723336
728072
730668
730792
732440
730808
733272
730948
724792
730540
726192
733732
727404
729776
734380
734840
728816
737072
727932
725548
734888
730056
727624
728816
739128
727616
730912
731484
731424
729720
734924
739832
735776
734528
734776
731924
735784
734704
737576
735868
739772
737760
740052
736372
740052
735340
740116
735624
736700
735396
740128
737320
739864
737936
740940
736912
739568
739396
741700
739184
741908
740008
742172
740292
742484
739304
741804
741032
742316
742028
745260
742600
744940
743172
745224
745044
746748
745800
745756
747768
749724
748836
750832
750168
751160
759808
752052
757756
750380
759144
753360
755236
755360
760876
754616
761484
755032
760352
752956
761164
754760
757532
757436
760516
757660
756612
755940
756928
756912
756932
755932
758040
755220
754504
760248
756292
756260
755408
755196
755276
755728
760368
757988
756832
757508
757112
763912
757496
765164
760872
765376
757356
766308
759192
766656
760480
766896
760928
768028
761472
772096
763016
770072
761792
769780
761080
767140
762012
771876
766364
782572
761380
774000
766648
774588
775056
780860
773576
780892
765788
767104
775456
774488
767532
775280
777632
768588
768744
774152
776664
774468
768252
784524
778308
777352
775560
769356
771092
769276
767020
768800
768404
769052
769596
768932
770168
776160
768056
776080
766404
784144
777760
777216
771184
776908
772188
779124
771188
778424
771432
780204
772388
776672
771684
776244
768832
773892
768460
774600
768628
775524
770708
776776
772096
776712
772284
778640
772532
778240
771268
777724
769708
777116
769628
773796
768020
775952
770316
778140
773368
781652
773364
781756
774808
780916
771832
778952
772036
779468
773324
778448
774668
777744
772200
777200
770132
778272
771452
776200
772788
781856
775024
779060
771384
779204
771308
779244
771192
777684
769648
776424
770568
777396
772816
781228
771428
776372
770360
779796
772596
779588
772584
779348
766356
773128
767004
773216
767004
774520
768892
772344
767824
773312
769760
772876
769560
773188
770592
774484
772504
775704
770272
775020
769580
775772
770072
774744
769400
766452
768664
774540
770708
776064
769000
766860
769124
772344
761252
770528
778308
762252
769032
764176
780644
774128
770060
762580
768828
764316
770612
764012
771248
765264
769288
764400
771172
764892
769844
766380
767448
767360
766488
765136
764240
770780
765256
770608
766440
772880
770284
785028
773444
780504
772992
778856
769936
779600
771992
779608
772808
779804
770648
775496
768600
774640
770932
776264
773840
776980
775012
776668
770760
775572
769632
773660
776816
779308
756932
754984
748644
