573928
575332
578232
583112
576080
581888
578284
587492
593008
615084
626268
600560
603152
602880
601700
601756
598800
601696
601564
605284
604468
605848
602440
605680
604684
607792
602644
606016
612348
605732
612520
616360
614040
607332
611744
608312
613812
608980
614248
609084
614844
613380
615600
614352
618048
614712
620288
617976
624168
619448
623408
621384
624568
621884
626136
622160
626496
619864
623808
620096
623560
623972
624412
623680
625176
624872
625008
633412
626280
633712
628496
627988
627876
634920
629440
636832
630404
638188
631928
640656
633788
635136
635000
632860
634172
635704
635980
637832
636692
639732
638684
640688
640940
641960
640428
641960
644056
643304
643144
644992
645600
644288
644884
643520
642500
643044
643032
645856
646932
646232
650440
649080
642456
646476
638976
650272
650620
650720
645112
655924
641600
643704
642284
641528
640716
644448
643304
644096
647428
644516
644484
642392
641520
640316
641548
642860
644464
644928
647396
645624
649744
654012
644964
652688
646628
654768
650148
658028
651748
659668
651100
656592
651464
658584
651872
660436
653380
659668
654380
660828
654024
661620
653704
662304
655752
663148
656104
662476
656372
665168
658212
658908
659196
665184
658920
661980
658032
661408
659432
659084
656768
659640
657300
660160
660460
661864
659428
659876
663396
663344
662836
663300
662628
662292
662532
665964
665484
664284
673116
664256
670736
665068
672728
665792
673708
665152
674948
667208
674208
667784
673220
660248
675244
667452
668228
668960
669668
670144
677916
662732
678564
665068
679608
664816
672052
672976
672372
666536
672112
666132
669212
666036
670184
670104
671188
669688
669712
676664
668668
677504
669372
671988
678480
670016
671772
671948
672488
681396
672376
673816
671876
673412
671484
673180
673080
675908
674956
676436
673328
676960
671452
676112
680008
676720
683340
676280
682068
674476
683524
676784
683264
678116
685196
678880
686508
679132
687076
680476
687312
679380
687608
680692
689732
681816
687680
682112
689316
683288
689424
683860
691876
685240
691876
684740
693524
687460
696084
686436
694608
686084
692808
686144
696456
688896
696648
690568
697312
688548
695160
690660
697788
691692
700780
693964
703056
695500
704568
694820
702392
695180
702980
698464
705412
700368
705324
697848
706124
699644
705452
698048
705788
699452
706944
699628
707340
700592
707856
700208
703096
699276
706840
700216
708252
701268
711232
696668
708976
704552
707096
698648
712812
698856
713924
706156
705676
705364
705716
699052
704976
700424
715836
701632
709328
703784
710164
701532
707052
700168
713196
701264
708892
703956
709152
706024
712520
706068
709908
705680
710400
705152
708304
706224
712012
708320
714072
705320
707020
703584
707588
704296
709524
706588
711480
709664
714392
708888
712612
705736
709620
708632
713864
710156
713180
711540
715680
711364
715252
712408
715236
714492
718848
716128
721992
717008
722824
717256
720608
718248
721824
717608
723628
718984
722900
719672
724844
722260
727104
723848
726932
724792
727104
725580
728736
726000
728460
724940
727348
724852
728184
727548
728484
724996
736572
725532
726188
724188
724672
725660
727700
729260
735516
725700
732764
725304
732816
722248
723484
723768
724404
725540
725748
727268
725720
724732
723336
728200
726088
731220
728988
731068
726936
730248
727184
729996
729416
729360
727268
730624
729712
732872
732864
734360
731788
731476
728832
733260
730064
732048
730684
731724
732688
731924
733204
735200
736132
736916
740544
736612
745080
737296
749232
741752
747172
740488
746516
740792
747076
740432
747124
742088
751548
743936
752676
743100
750884
744132
750172
743668
751236
743732
753760
745564
750828
744520
752528
747352
755356
749588
749656
751004
759056
750388
757680
750844
758004
745144
758288
746832
763880
759312
755376
754360
755240
754400
753916
755156
755940
747276
754456
753824
751428
752108
760956
755184
761440
749380
756604
752080
768688
753208
759376
754120
759580
755016
760328
755492
761116
757232
761936
758000
764652
756688
763292
753720
760616
756184
762744
757100
764884
760076
766948
759768
763440
756680
764604
759912
764552
760392
765428
762480
768476
762496
768668
762612
770568
765352
772468
766496
773144
767408
773504
767240
771120
766104
771340
764560
772600
766628
774092
769092
774636
768788
775076
769168
772808
772336
776736
771084
777708
771888
777860
771988
778816
771592
777596
774588
780372
777096
783424
777816
780836
775400
782308
778188
783276
778460
784580
779228
786108
781200
788240
780960
785960
781236
788932
782908
787724
782604
789892
782696
787768
782716
789388
787772
791096
797888
794560
789652
797308
788488
794744
789696
792924
791580
791532
791556
796252
801652
793132
797504
792644
796824
792168
797084
796624
794576
795304
801320
796800
802528
795644
803476
798160
797156
797492
798060
797564
798412
788484
788216
799220
788232
797800
789460
794836
789960
805144
790168
797192
790432
795616
791552
798232
790684
798396
790440
795876
791552
796948
793088
798456
792176
799900
794768
800616
794744
799772
791592
796624
792220
795244
787768
791684
787712
794156
791244
794744
788804
794880
787976
792856
786748
793140
789804
791604
788964
791540
788276
792288
792780
796816
792876
794864
793384
798492
793412
797656
794772
797512
794680
797092
794448
795772
790308
795772
790628
791420
788384
791624
791196
793092
791024
790636
791532
794520
793852
792316
792952
791736
800088
782608
774708
770836
