579168
580944
582736
585204
579420
583672
591764
592060
606680
619864
638044
599564
607692
601376
609624
605052
605280
605796
604612
606112
607152
608716
607952
608232
606428
605212
605708
605772
612112
604976
613008
606084
613272
608348
614952
609704
618120
612564
619616
612556
620788
615888
623052
613672
623148
618380
624884
619156
625140
619904
626848
623016
632288
624556
633188
625928
631188
628732
632428
627540
630844
629460
631648
629060
633024
631132
635984
631948
632600
632236
636836
636328
637444
639472
641164
639676
641748
638584
640632
638576
639592
639572
642252
639836
640248
640888
643816
642196
637248
643736
639840
643952
644272
637992
639864
646976
640072
637208
639908
652880
638992
639792
640588
640024
642288
657412
644332
651200
645100
649836
642044
648080
640220
646368
641256
650648
643408
648836
642772
649360
642440
649996
646372
652664
647636
652416
649504
651528
646536
648152
646412
648076
647196
649068
647584
651996
648880
650852
647440
651488
647756
652900
650732
653696
648280
653200
651112
653560
651504
657256
652728
651952
652192
655416
656188
655728
653752
653748
664148
657792
660080
657944
658860
658664
666616
659688
665176
659460
667204
660228
665960
660648
668748
662256
668984
659756
670084
665020
669684
661940
668560
664364
669824
663572
667624
664784
668780
662532
669392
666556
669048
663756
666136
664644
667652
667000
671532
666992
668924
669760
670384
668888
668796
670344
670680
670056
675104
670776
664436
666104
667736
674708
667140
671892
665584
666216
667672
666712
674116
666864
666708
664228
669736
666332
668888
668196
671908
668124
670152
668672
672164
670016
672224
672992
675452
674000
675220
674812
676908
673892
678276
674172
680896
674744
678940
674004
677368
674816
677316
674768
680464
674976
680252
676432
679540
676012
681984
676768
682412
677364
682360
677804
684800
682124
682824
681000
686972
682920
687432
683476
687012
685864
689144
686484
690320
687280
685740
683060
683996
685260
685100
685200
690884
684320
692972
687304
696452
689656
697912
692776
697216
690460
697688
690852
696136
689204
695764
689188
697848
689232
698708
692364
696544
690168
697872
690596
698500
693076
700084
694524
699716
694744
701336
695424
703468
697272
703732
696572
705972
698604
707108
698188
706436
700908
708124
699748
704916
699916
708544
700708
707144
694336
707700
700500
707028
692588
700256
703012
707512
703908
703504
698088
698636
696156
695176
698412
703048
694928
698088
699624
696328
695108
695068
699572
693400
698848
694476
699944
695508
699792
695004
697224
696748
702328
698376
699656
696060
700816
699640
703016
698988
705376
702440
705252
700324
706168
701224
709092
703004
704288
699424
703988
700388
703632
698816
704208
700956
704740
699608
704084
703140
706916
701176
705340
703988
708204
705820
710760
705928
711512
708328
715960
710128
716344
709668
714456
706716
713536
707820
713752
710324
716424
710832
717420
712016
717504
712420
717700
712564
718424
714128
718924
715760
724232
718416
724656
718228
724516
717420
724628
716040
723300
719792
726260
718656
726356
718416
726816
718980
725996
719524
724704
720668
726720
718828
726176
728324
733088
726408
735396
729576
734100
728172
735968
729912
737592
731040
740604
732372
737252
730092
737660
733760
739836
733352
738456
730980
738088
732784
736356
725212
730176
725892
740596
735016
730736
734864
739208
727180
733676
738312
733260
730472
735992
733128
734876
733028
738484
735572
736096
733216
734164
734064
735916
734500
734804
735832
740156
736544
739268
735596
737168
738836
741200
739944
742468
740892
743208
741020
742428
739472
741812
740568
744192
742188
744832
743996
743296
742304
743808
741596
743932
744740
743852
744712
746128
752476
746084
754808
747404
753748
748744
755160
747256
755480
749788
753316
748832
758204
749980
756316
749460
755140
747844
752432
750372
756240
750840
755780
750340
755788
749288
756704
750212
757648
751824
753752
750452
756536
750820
756280
752072
756960
753764
755028
752268
754240
755912
755984
753776
755088
756528
756328
764784
756816
754808
755204
761244
755356
758204
755816
760200
756692
761732
760076
764956
760784
762752
758488
763900
758072
762656
761996
766580
762164
765372
761916
765144
763224
767048
762296
765904
764188
767908
764412
767444
756644
760724
766740
763364
765116
769612
766180
762860
759680
764308
764936
766776
763256
765636
771556
765360
762184
765976
762852
764716
760832
765192
761576
764008
761124
764940
763060
769688
766820
769360
765672
767332
764300
767496
764824
768568
763852
770400
765672
769088
766760
770352
769908
772140
771920
775656
771020
772876
769004
772924
771212
773812
770384
773496
773848
776956
776068
778788
776808
777508
776304
780128
777648
779936
777700
781444
777936
780736
778548
781756
778940
780224
779528
780028
779456
780780
787804
780784
782452
785572
784496
785088
784724
786232
793488
786956
791636
786448
793620
786296
794720
788264
795808
787084
794420
787304
795944
788344
796492
788216
795912
789544
797704
791644
799744
793836
801052
795200
799884
794168
800892
793308
800580
794932
801212
795532
803244
796692
801408
794816
802536
797180
804112
797248
804764
798860
805292
801324
806768
802768
809204
802216
810496
803824
809440
795828
812364
805436
806980
806216
806984
800368
814320
800156
815620
800844
807920
809892
809780
811316
809356
809152
816540
801932
810828
804960
809900
802428
807888
802820
811776
805484
812996
807256
814700
810152
815892
808340
813308
809308
810656
814220
809204
814836
810388
810304
809692
809384
816172
809560
816688
810552
812104
811176
811480
812716
816696
811624
809808
817992
810392
811064
812696
814944
812784
812180
813972
813300
814156
817736
811096
820824
814128
822060
816192
820624
814732
820876
816884
822624
816876
824932
817912
824940
815756
822316
817344
824040
817836
824908
818736
828184
823604
832276
821364
829736
825500
830796
824148
832904
826464
834672
828312
832756
827296
835232
828832
834944
830308
837200
830656
838216
833448
839952
830548
837468
821952
838276
833636
841524
834980
840408
845532
854584
827072
844744
837152
846896
833548
847556
840988
847612
835232
837756
832968
838584
831564
837860
832756
837348
830800
836420
834144
838512
834956
839676
833136
836848
831144
836104
830064
836348
830768
837692
831604
835560
829292
834424
828856
834288
830476
834524
829232
836740
832508
834104
832808
834876
830664
835728
832328
837048
833268
833344
829656
833252
829796
833584
830904
833360
834860
834172
832888
834096
832776
835236
833484
833588
833348
834216
841676
834600
843064
835432
842064
833480
839868
832164
839944
834948
839016
829992
835244
829020
835308
828148
838500
831800
837376
832116
839736
831676
838692
831040
837756
833364
839412
831892
838036
829684
834636
828472
835068
829360
836592
836828
813736
803904
794796
802584
795616
